1	0
2	0
3	0
4	0
5	0
6	0
7	0
8	0
9	0
10	0
11	0
12	0
13	0
14	0
15	0
16	42
17	32097
18	40225
19	39993
20	39786
21	40261
22	39666
23	40067
24	39914
25	40114
26	40070
27	39622
28	40328
29	40134
30	39833
31	39530
32	40187
33	39868
34	39948
35	40183
36	40211
37	40262
38	40612
39	41366
40	42003
41	42443
42	42853
43	43876
44	45670
45	48121
46	50095
47	53022
48	56875
49	61623
50	69779
51	78565
52	85037
53	94105
54	102713
55	113791
56	123960
57	136438
58	139992
59	156852
60	374378
61	644446
62	272729
63	34036
64	11251
65	11452
66	11951
67	12456
68	12918
69	13470
70	14273
71	14554
72	15086
73	15360
74	16152
75	16813
76	17439
77	18170
78	18699
79	19793
80	19794
81	19959
82	20251
83	20657
84	21026
85	21386
86	21755
87	22358
88	22882
89	23322
90	23922
91	24189
92	24299
93	24889
94	24899
95	25779
96	28167
97	30352
98	27151
99	28355
100	39213
101	48238
102	33100
103	23580
104	21127
105	25411
106	30937
107	22684
108	15251
109	14087
110	13966
111	13990
112	15785
113	19228
114	18522
115	15002
116	15165
117	16679
118	16566
119	17344
120	17230
121	13056
122	11158
123	11865
124	11560
125	10361
126	9941
127	10253
128	10256
129	10006
130	9720
131	11036
132	15791
133	13074
134	9330
135	8794
136	8916
137	8767
138	8748
139	8722
140	8711
141	8695
142	8551
143	8591
144	8649
145	8514
146	8437
147	8470
148	8560
149	8510
150	8276
151	8129
152	8192
153	8206
154	8107
155	8185
156	8161
157	8220
158	8207
159	8191
160	8241
161	8204
162	8304
163	8344
164	8442
165	8589
166	8390
167	8252
168	8288
169	8290
170	7948
171	7990
172	7879
173	7749
174	7791
175	7689
176	7674
177	7433
178	7616
179	7440
180	7218
181	7234
182	7179
183	7331
184	7223
185	6994
186	6935
187	6821
188	6950
189	6756
190	6763
191	6735
192	6741
193	6835
194	6686
195	6324
196	6479
197	6203
198	6187
199	6137
200	6489
201	6266
202	5889
203	5998
204	5839
205	5681
206	5456
207	6101
208	7318
209	6392
210	5561
211	5415
212	6792
213	7438
214	5648
215	5005
216	4961
217	4727
218	4783
219	4705
220	4650
221	4583
222	4485
223	4426
224	4505
225	4487
226	4333
227	4429
228	4294
229	4212
230	4082
231	4119
232	4052
233	3982
234	3863
235	3889
236	3882
237	3802
238	3849
239	3746
240	3735
241	3666
242	3625
243	3831
244	4144
245	3768
246	3586
247	3488
248	3455
249	3508
250	3397
251	3263
252	3160
253	3224
254	3173
255	3117
256	3096
257	2846
258	2895
259	2853
260	3034
261	3187
262	2884
263	2713
264	2665
265	2612
266	2546
267	2470
268	2502
269	2422
270	2543
271	2365
272	2265
273	2389
274	2436
275	2335
276	2322
277	2271
278	2295
279	2280
280	2106
281	2239
282	2163
283	2111
284	2174
285	2124
286	2119
287	2104
288	2086
289	2085
290	2132
291	2045
292	2047
293	1976
294	1967
295	2061
296	1931
297	1896
298	1874
299	1863
300	1987
301	1898
302	2016
303	1979
304	2156
305	1961
306	1796
307	1814
308	1700
309	1691
310	1715
311	1693
312	1695
313	1649
314	1691
315	1668
316	1659
317	1577
318	1756
319	1985
320	1711
321	1500
322	1535
323	1485
324	1570
325	1542
326	1580
327	1573
328	1920
329	1795
330	1838
331	1835
332	1589
333	1442
334	1378
335	1451
336	1447
337	1347
338	1385
339	2354
340	5189
341	4435
342	2117
343	2438
344	2408
345	1620
346	1457
347	1294
348	1417
349	1812
350	1602
351	1604
352	3840
353	5742
354	2734
355	1262
356	1188
357	1163
358	1124
359	1267
360	1434
361	1181
362	1118
363	1104
364	1080
365	1025
366	1070
367	1038
368	1130
369	1142
370	1076
371	1044
372	1021
373	1054
374	1254
375	1775
376	2069
377	2182
378	1479
379	1168
380	1048
381	1140
382	3126
383	12162
384	12872
385	3653
386	913
387	892
388	2387
389	3500
390	1986
391	2783
392	2576
393	1017
394	661
395	644
396	666
397	677
398	642
399	703
400	1212
401	3815
402	5491
403	2524
404	716
405	583
406	605
407	571
408	651
409	678
410	597
411	565
412	586
413	562
414	553
415	608
416	608
417	611
418	568
419	566
420	629
421	1149
422	6824
423	15628
424	8075
425	1214
426	379
427	354
428	401
429	350
430	382
431	789
432	1631
433	1046
434	437
435	399
436	615
437	503
438	416
439	349
440	390
441	356
442	309
443	328
444	334
445	323
446	312
447	309
448	288
449	329
450	331
451	325
452	313
453	334
454	316
455	357
456	435
457	334
458	305
459	306
460	594
461	1740
462	2252
463	835
464	329
465	315
466	295
467	283
468	287
469	285
470	298
471	254
472	316
473	328
474	345
475	259
476	255
477	272
478	278
479	264
480	240
481	287
482	280
483	242
484	260
485	260
486	271
487	251
488	258
489	286
490	222
491	265
492	316
493	282
494	246
495	225
496	254
497	229
498	254
499	223
500	227
501	243
502	237
503	242
504	237
505	231
506	232
507	224
508	217
509	232
510	228
511	213
512	240
513	194
514	227
515	219
516	226
517	205
518	211
519	204
520	230
521	292
522	428
523	421
524	277
525	259
526	239
527	190
528	221
529	198
530	215
531	205
532	198
533	221
534	186
535	189
536	201
537	228
538	236
539	220
540	225
541	212
542	192
543	229
544	222
545	176
546	208
547	201
548	196
549	177
550	188
551	216
552	218
553	190
554	198
555	186
556	197
557	199
558	190
559	184
560	210
561	190
562	174
563	196
564	182
565	185
566	174
567	199
568	182
569	176
570	155
571	174
572	193
573	181
574	189
575	180
576	200
577	174
578	189
579	171
580	174
581	144
582	196
583	179
584	175
585	173
586	200
587	185
588	200
589	167
590	157
591	178
592	168
593	169
594	168
595	239
596	451
597	362
598	196
599	187
600	159
601	149
602	163
603	178
604	172
605	140
606	163
607	159
608	139
609	178
610	178
611	236
612	185
613	187
614	177
615	190
616	195
617	180
618	174
619	172
620	173
621	195
622	313
623	436
624	312
625	177
626	178
627	196
628	147
629	168
630	167
631	209
632	273
633	328
634	256
635	163
636	177
637	152
638	155
639	166
640	154
641	147
642	141
643	139
644	144
645	152
646	147
647	172
648	158
649	176
650	145
651	162
652	163
653	201
654	305
655	253
656	204
657	186
658	177
659	167
660	311
661	327
662	189
663	147
664	151
665	145
666	202
667	293
668	221
669	185
670	161
671	142
672	125
673	225
674	267
675	193
676	328
677	867
678	774
679	253
680	154
681	142
682	117
683	111
684	118
685	95
686	137
687	105
688	144
689	114
690	133
691	116
692	135
693	121
694	128
695	128
696	117
697	109
698	114
699	140
700	114
701	117
702	128
703	154
704	182
705	169
706	153
707	148
708	133
709	134
710	130
711	140
712	145
713	134
714	140
715	111
716	111
717	138
718	138
719	181
720	188
721	134
722	126
723	100
724	120
725	119
726	135
727	111
728	113
729	93
730	101
731	100
732	110
733	116
734	148
735	154
736	128
737	220
738	536
739	381
740	173
741	117
742	109
743	153
744	176
745	115
746	106
747	93
748	91
749	102
750	85
751	103
752	99
753	103
754	122
755	106
756	119
757	89
758	91
759	87
760	102
761	94
762	89
763	94
764	96
765	86
766	96
767	104
768	89
769	87
770	83
771	98
772	135
773	169
774	137
775	103
776	97
777	102
778	92
779	104
780	79
781	99
782	104
783	104
784	109
785	159
786	256
787	262
788	134
789	128
790	104
791	71
792	80
793	82
794	84
795	73
796	76
797	90
798	90
799	97
800	89
801	74
802	98
803	108
804	85
805	92
806	89
807	75
808	75
809	106
810	94
811	84
812	108
813	114
814	92
815	83
816	92
817	82
818	73
819	95
820	93
821	86
822	87
823	83
824	76
825	76
826	89
827	81
828	83
829	72
830	75
831	72
832	71
833	81
834	84
835	90
836	64
837	71
838	86
839	84
840	81
841	74
842	82
843	80
844	86
845	96
846	82
847	81
848	66
849	81
850	92
851	74
852	86
853	70
854	113
855	97
856	99
857	90
858	96
859	87
860	97
861	100
862	81
863	93
864	82
865	73
866	84
867	88
868	90
869	89
870	70
871	82
872	79
873	73
874	83
875	94
876	77
877	89
878	80
879	96
880	108
881	101
882	67
883	74
884	73
885	81
886	82
887	88
888	77
889	63
890	72
891	68
892	76
893	75
894	95
895	75
896	74
897	86
898	100
899	83
900	74
901	76
902	78
903	64
904	68
905	67
906	83
907	69
908	71
909	55
910	67
911	66
912	62
913	65
914	76
915	68
916	76
917	75
918	64
919	88
920	66
921	75
922	79
923	71
924	61
925	72
926	74
927	74
928	65
929	107
930	97
931	206
932	232
933	120
934	75
935	86
936	58
937	67
938	89
939	47
940	53
941	77
942	67
943	71
944	74
945	64
946	69
947	62
948	66
949	58
950	65
951	74
952	69
953	87
954	68
955	86
956	79
957	80
958	68
959	57
960	66
961	72
962	73
963	70
964	70
965	79
966	45
967	77
968	62
969	65
970	55
971	71
972	76
973	67
974	69
975	71
976	55
977	74
978	50
979	61
980	57
981	73
982	65
983	73
984	76
985	60
986	96
987	91
988	82
989	86
990	137
991	183
992	105
993	60
994	55
995	64
996	66
997	59
998	54
999	60
1000	56
1001	49
1002	58
1003	67
1004	59
1005	66
1006	62
1007	77
1008	69
1009	53
1010	61
1011	66
1012	65
1013	55
1014	65
1015	53
1016	46
1017	65
1018	59
1019	52
1020	66
1021	53
1022	57
1023	61
1024	76
1025	57
1026	68
1027	52
1028	59
1029	57
1030	50
1031	70
1032	59
1033	61
1034	57
1035	52
1036	54
1037	44
1038	60
1039	57
1040	63
1041	53
1042	48
1043	51
1044	58
1045	57
1046	54
1047	62
1048	57
1049	54
1050	57
1051	45
1052	49
1053	47
1054	66
1055	58
1056	51
1057	67
1058	45
1059	63
1060	54
1061	56
1062	57
1063	63
1064	66
1065	55
1066	70
1067	59
1068	47
1069	66
1070	62
1071	57
1072	58
1073	69
1074	53
1075	66
1076	70
1077	59
1078	60
1079	56
1080	39
1081	67
1082	68
1083	39
1084	65
1085	48
1086	63
1087	65
1088	57
1089	56
1090	61
1091	54
1092	66
1093	46
1094	61
1095	55
1096	58
1097	54
1098	62
1099	59
1100	47
1101	58
1102	62
1103	73
1104	66
1105	49
1106	43
1107	51
1108	47
1109	40
1110	62
1111	52
1112	61
1113	56
1114	56
1115	53
1116	68
1117	54
1118	57
1119	48
1120	56
1121	35
1122	81
1123	54
1124	54
1125	45
1126	50
1127	50
1128	55
1129	50
1130	42
1131	60
1132	47
1133	37
1134	61
1135	66
1136	56
1137	49
1138	51
1139	42
1140	62
1141	57
1142	55
1143	58
1144	68
1145	112
1146	108
1147	71
1148	48
1149	54
1150	48
1151	53
1152	58
1153	40
1154	56
1155	57
1156	55
1157	65
1158	51
1159	58
1160	52
1161	59
1162	40
1163	63
1164	58
1165	67
1166	56
1167	53
1168	54
1169	58
1170	47
1171	53
1172	46
1173	50
1174	61
1175	65
1176	42
1177	68
1178	59
1179	56
1180	63
1181	65
1182	68
1183	55
1184	46
1185	47
1186	45
1187	56
1188	41
1189	44
1190	55
1191	43
1192	41
1193	37
1194	53
1195	49
1196	60
1197	48
1198	42
1199	44
1200	47
1201	67
1202	51
1203	70
1204	53
1205	55
1206	50
1207	51
1208	65
1209	53
1210	48
1211	42
1212	61
1213	58
1214	64
1215	48
1216	55
1217	54
1218	53
1219	53
1220	50
1221	61
1222	52
1223	58
1224	47
1225	55
1226	78
1227	58
1228	53
1229	50
1230	46
1231	59
1232	46
1233	63
1234	56
1235	63
1236	57
1237	41
1238	67
1239	48
1240	47
1241	62
1242	59
1243	51
1244	53
1245	54
1246	55
1247	47
1248	56
1249	63
1250	58
1251	64
1252	59
1253	59
1254	50
1255	51
1256	60
1257	50
1258	55
1259	37
1260	47
1261	38
1262	51
1263	55
1264	58
1265	67
1266	70
1267	56
1268	66
1269	37
1270	42
1271	44
1272	47
1273	34
1274	42
1275	39
1276	31
1277	50
1278	48
1279	33
1280	53
1281	58
1282	41
1283	39
1284	42
1285	46
1286	35
1287	37
1288	33
1289	35
1290	42
1291	40
1292	33
1293	38
1294	35
1295	33
1296	39
1297	40
1298	33
1299	41
1300	37
1301	38
1302	40
1303	52
1304	47
1305	41
1306	34
1307	32
1308	41
1309	56
1310	31
1311	38
1312	35
1313	37
1314	39
1315	43
1316	46
1317	44
1318	48
1319	37
1320	31
1321	28
1322	31
1323	43
1324	40
1325	35
1326	33
1327	46
1328	26
1329	36
1330	36
1331	34
1332	35
1333	35
1334	30
1335	33
1336	44
1337	42
1338	34
1339	37
1340	23
1341	31
1342	45
1343	32
1344	44
1345	41
1346	31
1347	40
1348	31
1349	33
1350	29
1351	31
1352	31
1353	38
1354	36
1355	43
1356	25
1357	25
1358	32
1359	41
1360	41
1361	39
1362	29
1363	27
1364	38
1365	37
1366	29
1367	28
1368	22
1369	38
1370	28
1371	31
1372	30
1373	33
1374	23
1375	32
1376	29
1377	31
1378	36
1379	28
1380	38
1381	27
1382	38
1383	33
1384	24
1385	41
1386	24
1387	31
1388	33
1389	35
1390	23
1391	52
1392	21
1393	22
1394	38
1395	29
1396	22
1397	24
1398	26
1399	31
1400	33
1401	31
1402	34
1403	29
1404	30
1405	26
1406	28
1407	36
1408	50
1409	55
1410	42
1411	32
1412	29
1413	25
1414	36
1415	23
1416	28
1417	22
1418	25
1419	19
1420	23
1421	29
1422	28
1423	28
1424	19
1425	34
1426	24
1427	27
1428	24
1429	28
1430	23
1431	23
1432	29
1433	31
1434	37
1435	29
1436	26
1437	19
1438	33
1439	24
1440	34
1441	30
1442	28
1443	28
1444	19
1445	23
1446	25
1447	25
1448	30
1449	20
1450	27
1451	24
1452	24
1453	35
1454	26
1455	27
1456	35
1457	19
1458	23
1459	17
1460	24
1461	28
1462	23
1463	31
1464	28
1465	35
1466	20
1467	26
1468	19
1469	30
1470	26
1471	11
1472	21
1473	24
1474	18
1475	19
1476	30
1477	25
1478	20
1479	33
1480	24
1481	26
1482	29
1483	21
1484	30
1485	25
1486	35
1487	33
1488	35
1489	33
1490	36
1491	92
1492	294
1493	759
1494	846
1495	369
1496	71
1497	22
1498	21
1499	38
1500	29
1501	22
1502	19
1503	23
1504	25
1505	22
1506	14
1507	24
1508	22
1509	26
1510	16
1511	16
1512	23
1513	28
1514	32
1515	14
1516	18
1517	15
1518	12
1519	25
1520	24
1521	25
1522	22
1523	28
1524	28
1525	23
1526	25
1527	19
1528	31
1529	39
1530	34
1531	22
1532	24
1533	18
1534	31
1535	21
1536	27
1537	19
1538	22
1539	27
1540	16
1541	17
1542	29
1543	20
1544	34
1545	22
1546	27
1547	23
1548	22
1549	18
1550	19
1551	26
1552	21
1553	21
1554	23
1555	20
1556	14
1557	19
1558	23
1559	26
1560	14
1561	23
1562	20
1563	16
1564	25
1565	20
1566	19
1567	24
1568	19
1569	14
1570	21
1571	17
1572	22
1573	26
1574	24
1575	17
1576	19
1577	24
1578	27
1579	16
1580	20
1581	15
1582	25
1583	23
1584	14
1585	23
1586	18
1587	21
1588	19
1589	26
1590	13
1591	28
1592	27
1593	14
1594	23
1595	23
1596	12
1597	16
1598	18
1599	8
1600	22
1601	22
1602	23
1603	15
1604	26
1605	17
1606	18
1607	21
1608	16
1609	19
1610	21
1611	12
1612	16
1613	16
1614	16
1615	30
1616	26
1617	21
1618	28
1619	27
1620	19
1621	23
1622	24
1623	33
1624	36
1625	35
1626	35
1627	27
1628	29
1629	37
1630	27
1631	18
1632	20
1633	23
1634	12
1635	20
1636	17
1637	21
1638	11
1639	22
1640	10
1641	14
1642	21
1643	17
1644	20
1645	19
1646	31
1647	20
1648	19
1649	21
1650	23
1651	14
1652	18
1653	22
1654	31
1655	14
1656	25
1657	28
1658	27
1659	18
1660	14
1661	19
1662	22
1663	29
1664	18
1665	14
1666	26
1667	25
1668	27
1669	14
1670	13
1671	13
1672	20
1673	18
1674	25
1675	19
1676	24
1677	22
1678	25
1679	22
1680	18
1681	17
1682	14
1683	20
1684	20
1685	14
1686	21
1687	23
1688	17
1689	19
1690	11
1691	13
1692	21
1693	16
1694	23
1695	19
1696	15
1697	16
1698	31
1699	22
1700	27
1701	16
1702	20
1703	17
1704	12
1705	21
1706	18
1707	18
1708	20
1709	18
1710	10
1711	14
1712	20
1713	16
1714	16
1715	16
1716	14
1717	15
1718	19
1719	24
1720	22
1721	21
1722	17
1723	16
1724	16
1725	21
1726	12
1727	23
1728	17
1729	27
1730	13
1731	19
1732	14
1733	17
1734	14
1735	20
1736	16
1737	13
1738	16
1739	24
1740	18
1741	18
1742	18
1743	11
1744	22
1745	18
1746	13
1747	16
1748	10
1749	13
1750	25
1751	26
1752	23
1753	14
1754	21
1755	13
1756	13
1757	12
1758	14
1759	14
1760	15
1761	13
1762	13
1763	16
1764	16
1765	21
1766	16
1767	26
1768	32
1769	28
1770	28
1771	19
1772	18
1773	17
1774	16
1775	22
1776	18
1777	18
1778	17
1779	23
1780	15
1781	17
1782	18
1783	14
1784	21
1785	14
1786	21
1787	17
1788	19
1789	18
1790	15
1791	19
1792	22
1793	18
1794	17
1795	13
1796	11
1797	15
1798	18
1799	11
1800	14
1801	17
1802	22
1803	66
1804	82
1805	50
1806	36
1807	21
1808	18
1809	19
1810	15
1811	12
1812	16
1813	14
1814	19
1815	13
1816	15
1817	18
1818	16
1819	17
1820	10
1821	15
1822	15
1823	11
1824	18
1825	10
1826	16
1827	21
1828	19
1829	17
1830	21
1831	25
1832	13
1833	9
1834	15
1835	13
1836	14
1837	13
1838	9
1839	13
1840	15
1841	15
1842	18
1843	14
1844	11
1845	20
1846	16
1847	22
1848	15
1849	10
1850	13
1851	21
1852	17
1853	21
1854	18
1855	15
1856	19
1857	17
1858	13
1859	13
1860	16
1861	16
1862	20
1863	17
1864	17
1865	10
1866	16
1867	16
1868	14
1869	14
1870	13
1871	13
1872	20
1873	13
1874	19
1875	20
1876	14
1877	12
1878	19
1879	22
1880	19
1881	26
1882	21
1883	22
1884	14
1885	10
1886	22
1887	18
1888	18
1889	22
1890	17
1891	24
1892	14
1893	8
1894	14
1895	18
1896	11
1897	14
1898	7
1899	12
1900	16
1901	13
1902	15
1903	18
1904	16
1905	14
1906	17
1907	15
1908	19
1909	22
1910	19
1911	16
1912	22
1913	19
1914	14
1915	14
1916	14
1917	17
1918	18
1919	18
1920	18
1921	12
1922	15
1923	11
1924	15
1925	15
1926	15
1927	16
1928	18
1929	16
1930	11
1931	22
1932	12
1933	22
1934	14
1935	13
1936	11
1937	21
1938	20
1939	14
1940	19
1941	8
1942	13
1943	14
1944	16
1945	11
1946	22
1947	9
1948	17
1949	12
1950	14
1951	16
1952	14
1953	15
1954	15
1955	17
1956	23
1957	21
1958	16
1959	16
1960	15
1961	16
1962	20
1963	11
1964	17
1965	14
1966	16
1967	14
1968	13
1969	13
1970	21
1971	15
1972	16
1973	13
1974	20
1975	12
1976	18
1977	15
1978	11
1979	18
1980	20
1981	11
1982	17
1983	17
1984	15
1985	16
1986	18
1987	13
1988	13
1989	11
1990	16
1991	9
1992	16
1993	13
1994	14
1995	15
1996	21
1997	21
1998	15
1999	11
2000	19
2001	14
2002	13
2003	15
2004	21
2005	16
2006	18
2007	15
2008	19
2009	12
2010	16
2011	10
2012	17
2013	11
2014	13
2015	16
2016	17
2017	19
2018	17
2019	16
2020	12
2021	9
2022	16
2023	22
2024	14
2025	23
2026	12
2027	7
2028	17
2029	3
2030	9
2031	15
2032	13
2033	21
2034	7
2035	14
2036	6
2037	17
2038	19
2039	13
2040	10
2041	16
2042	10
2043	14
2044	22
2045	11
2046	13
2047	13
2048	12
2049	15
2050	14
2051	15
2052	15
2053	19
2054	11
2055	12
2056	16
2057	16
2058	15
2059	18
2060	14
2061	7
2062	12
2063	19
2064	10
2065	15
2066	12
2067	15
2068	13
2069	16
2070	15
2071	13
2072	5
2073	14
2074	11
2075	14
2076	9
2077	19
2078	15
2079	12
2080	15
2081	20
2082	16
2083	13
2084	15
2085	10
2086	12
2087	11
2088	13
2089	21
2090	15
2091	15
2092	19
2093	19
2094	10
2095	12
2096	8
2097	13
2098	17
2099	8
2100	19
2101	11
2102	13
2103	17
2104	9
2105	12
2106	16
2107	11
2108	7
2109	12
2110	11
2111	8
2112	16
2113	6
2114	14
2115	9
2116	11
2117	15
2118	8
2119	17
2120	13
2121	10
2122	21
2123	20
2124	14
2125	15
2126	9
2127	14
2128	15
2129	17
2130	12
2131	17
2132	7
2133	7
2134	15
2135	11
2136	11
2137	13
2138	10
2139	15
2140	17
2141	21
2142	9
2143	10
2144	14
2145	12
2146	12
2147	15
2148	12
2149	18
2150	20
2151	26
2152	19
2153	17
2154	18
2155	10
2156	11
2157	7
2158	7
2159	8
2160	9
2161	10
2162	9
2163	13
2164	9
2165	14
2166	15
2167	16
2168	11
2169	10
2170	12
2171	15
2172	10
2173	12
2174	9
2175	13
2176	15
2177	15
2178	6
2179	10
2180	10
2181	13
2182	11
2183	10
2184	6
2185	9
2186	9
2187	10
2188	16
2189	6
2190	6
2191	15
2192	15
2193	9
2194	3
2195	9
2196	11
2197	9
2198	8
2199	8
2200	11
2201	7
2202	7
2203	9
2204	12
2205	4
2206	6
2207	11
2208	9
2209	12
2210	10
2211	8
2212	4
2213	11
2214	5
2215	12
2216	11
2217	17
2218	9
2219	6
2220	13
2221	7
2222	9
2223	9
2224	8
2225	9
2226	11
2227	14
2228	10
2229	12
2230	11
2231	9
2232	12
2233	11
2234	9
2235	14
2236	18
2237	12
2238	12
2239	11
2240	13
2241	11
2242	8
2243	11
2244	13
2245	6
2246	9
2247	8
2248	14
2249	8
2250	10
2251	15
2252	15
2253	27
2254	39
2255	16
2256	12
2257	14
2258	11
2259	7
2260	14
2261	13
2262	14
2263	10
2264	10
2265	14
2266	11
2267	13
2268	15
2269	8
2270	10
2271	27
2272	39
2273	78
2274	52
2275	25
2276	13
2277	18
2278	12
2279	14
2280	14
2281	12
2282	8
2283	13
2284	13
2285	8
2286	8
2287	11
2288	14
2289	13
2290	12
2291	10
2292	12
2293	13
2294	11
2295	7
2296	16
2297	8
2298	9
2299	7
2300	12
2301	8
2302	11
2303	12
2304	10
2305	8
2306	5
2307	10
2308	14
2309	10
2310	10
2311	14
2312	8
2313	12
2314	9
2315	7
2316	7
2317	9
2318	5
2319	15
2320	15
2321	13
2322	12
2323	8
2324	10
2325	11
2326	6
2327	11
2328	6
2329	11
2330	6
2331	15
2332	17
2333	8
2334	12
2335	9
2336	15
2337	11
2338	4
2339	9
2340	8
2341	6
2342	9
2343	13
2344	12
2345	12
2346	10
2347	10
2348	12
2349	8
2350	9
2351	12
2352	12
2353	13
2354	12
2355	10
2356	9
2357	8
2358	5
2359	8
2360	12
2361	8
2362	9
2363	9
2364	14
2365	8
2366	16
2367	5
2368	12
2369	9
2370	10
2371	11
2372	11
2373	10
2374	9
2375	13
2376	10
2377	12
2378	12
2379	6
2380	8
2381	16
2382	6
2383	8
2384	8
2385	8
2386	11
2387	13
2388	14
2389	12
2390	10
2391	7
2392	12
2393	9
2394	7
2395	7
2396	8
2397	15
2398	13
2399	12
2400	11
2401	4
2402	6
2403	13
2404	12
2405	12
2406	9
2407	6
2408	15
2409	5
2410	16
2411	17
2412	4
2413	9
2414	13
2415	10
2416	9
2417	12
2418	12
2419	18
2420	10
2421	10
2422	9
2423	15
2424	11
2425	11
2426	13
2427	7
2428	9
2429	8
2430	9
2431	11
2432	12
2433	16
2434	13
2435	11
2436	5
2437	8
2438	9
2439	12
2440	4
2441	6
2442	8
2443	4
2444	8
2445	5
2446	3
2447	7
2448	5
2449	9
2450	4
2451	3
2452	12
2453	13
2454	7
2455	10
2456	6
2457	5
2458	12
2459	8
2460	8
2461	7
2462	5
2463	4
2464	2
2465	8
2466	2
2467	11
2468	8
2469	8
2470	7
2471	12
2472	12
2473	6
2474	7
2475	8
2476	7
2477	10
2478	5
2479	5
2480	2
2481	9
2482	12
2483	8
2484	12
2485	2
2486	6
2487	12
2488	8
2489	2
2490	3
2491	4
2492	12
2493	8
2494	4
2495	7
2496	5
2497	7
2498	10
2499	6
2500	10
2501	12
2502	7
2503	16
2504	8
2505	4
2506	3
2507	7
2508	8
2509	9
2510	7
2511	5
2512	5
2513	5
2514	3
2515	11
2516	4
2517	4
2518	1
2519	6
2520	10
2521	5
2522	4
2523	7
2524	6
2525	7
2526	8
2527	4
2528	8
2529	2
2530	8
2531	5
2532	8
2533	6
2534	8
2535	7
2536	8
2537	5
2538	5
2539	8
2540	6
2541	3
2542	1
2543	11
2544	7
2545	4
2546	6
2547	9
2548	10
2549	3
2550	5
2551	5
2552	5
2553	8
2554	4
2555	9
2556	6
2557	6
2558	8
2559	5
2560	5
2561	8
2562	5
2563	4
2564	6
2565	6
2566	7
2567	5
2568	5
2569	7
2570	5
2571	2
2572	6
2573	2
2574	8
2575	6
2576	5
2577	5
2578	3
2579	4
2580	3
2581	4
2582	10
2583	4
2584	3
2585	2
2586	5
2587	4
2588	7
2589	4
2590	7
2591	5
2592	3
2593	3
2594	3
2595	1
2596	3
2597	4
2598	2
2599	2
2600	3
2601	6
2602	4
2603	3
2604	4
2605	6
2606	12
2607	2
2608	5
2609	7
2610	7
2611	4
2612	2
2613	9
2614	9
2615	3
2616	1
2617	3
2618	6
2619	6
2620	6
2621	5
2622	4
2623	5
2624	3
2625	7
2626	5
2627	3
2628	7
2629	7
2630	6
2631	7
2632	5
2633	2
2634	6
2635	4
2636	2
2637	7
2638	4
2639	3
2640	8
2641	3
2642	1
2643	3
2644	4
2645	4
2646	3
2647	2
2648	7
2649	4
2650	4
2651	6
2652	1
2653	7
2654	3
2655	2
2656	6
2657	6
2658	2
2659	5
2660	4
2661	8
2662	0
2663	4
2664	2
2665	3
2666	4
2667	4
2668	6
2669	5
2670	11
2671	38
2672	100
2673	155
2674	156
2675	67
2676	16
2677	4
2678	4
2679	6
2680	3
2681	3
2682	2
2683	3
2684	4
2685	4
2686	4
2687	3
2688	4
2689	2
2690	3
2691	5
2692	3
2693	0
2694	1
2695	4
2696	6
2697	7
2698	3
2699	3
2700	3
2701	3
2702	0
2703	4
2704	3
2705	3
2706	6
2707	1
2708	0
2709	3
2710	4
2711	8
2712	2
2713	3
2714	5
2715	3
2716	2
2717	3
2718	3
2719	2
2720	2
2721	5
2722	4
2723	3
2724	2
2725	6
2726	2
2727	3
2728	4
2729	2
2730	6
2731	2
2732	0
2733	3
2734	3
2735	3
2736	3
2737	3
2738	4
2739	4
2740	4
2741	4
2742	1
2743	4
2744	3
2745	4
2746	1
2747	2
2748	2
2749	2
2750	1
2751	1
2752	3
2753	0
2754	2
2755	2
2756	2
2757	0
2758	4
2759	3
2760	6
2761	1
2762	2
2763	2
2764	4
2765	2
2766	0
2767	4
2768	0
2769	6
2770	4
2771	3
2772	0
2773	2
2774	0
2775	1
2776	0
2777	1
2778	2
2779	3
2780	1
2781	3
2782	3
2783	3
2784	1
2785	3
2786	3
2787	4
2788	5
2789	4
2790	2
2791	4
2792	6
2793	1
2794	4
2795	1
2796	2
2797	0
2798	2
2799	4
2800	5
2801	2
2802	1
2803	3
2804	2
2805	6
2806	3
2807	5
2808	3
2809	3
2810	2
2811	3
2812	0
2813	1
2814	3
2815	4
2816	0
2817	0
2818	1
2819	1
2820	0
2821	2
2822	1
2823	2
2824	2
2825	4
2826	4
2827	3
2828	3
2829	2
2830	2
2831	4
2832	0
2833	3
2834	0
2835	2
2836	1
2837	3
2838	3
2839	2
2840	1
2841	2
2842	3
2843	5
2844	1
2845	3
2846	3
2847	8
2848	1
2849	1
2850	3
2851	3
2852	1
2853	7
2854	1
2855	1
2856	2
2857	4
2858	2
2859	5
2860	1
2861	1
2862	1
2863	1
2864	0
2865	2
2866	4
2867	3
2868	1
2869	2
2870	0
2871	2
2872	4
2873	3
2874	2
2875	4
2876	2
2877	1
2878	1
2879	3
2880	4
2881	3
2882	0
2883	1
2884	2
2885	2
2886	2
2887	4
2888	1
2889	3
2890	1
2891	3
2892	2
2893	2
2894	3
2895	3
2896	1
2897	2
2898	4
2899	2
2900	1
2901	0
2902	0
2903	1
2904	2
2905	3
2906	2
2907	1
2908	2
2909	2
2910	2
2911	2
2912	4
2913	4
2914	3
2915	1
2916	7
2917	1
2918	4
2919	1
2920	3
2921	2
2922	2
2923	5
2924	2
2925	7
2926	3
2927	3
2928	3
2929	1
2930	4
2931	3
2932	2
2933	2
2934	4
2935	2
2936	2
2937	1
2938	3
2939	1
2940	4
2941	2
2942	2
2943	0
2944	1
2945	0
2946	2
2947	3
2948	1
2949	2
2950	0
2951	1
2952	1
2953	2
2954	3
2955	0
2956	1
2957	6
2958	0
2959	4
2960	3
2961	4
2962	4
2963	0
2964	4
2965	2
2966	0
2967	4
2968	3
2969	0
2970	3
2971	1
2972	0
2973	1
2974	1
2975	1
2976	1
2977	2
2978	5
2979	0
2980	0
2981	0
2982	3
2983	2
2984	2
2985	3
2986	1
2987	4
2988	1
2989	1
2990	1
2991	3
2992	2
2993	3
2994	3
2995	4
2996	3
2997	0
2998	2
2999	0
3000	1
3001	2
3002	5
3003	4
3004	0
3005	4
3006	2
3007	2
3008	5
3009	0
3010	0
3011	2
3012	2
3013	0
3014	2
3015	1
3016	3
3017	2
3018	1
3019	2
3020	2
3021	3
3022	1
3023	2
3024	2
3025	1
3026	2
3027	1
3028	1
3029	4
3030	0
3031	2
3032	0
3033	2
3034	4
3035	4
3036	2
3037	3
3038	2
3039	1
3040	2
3041	1
3042	4
3043	5
3044	3
3045	4
3046	1
3047	1
3048	3
3049	0
3050	0
3051	1
3052	0
3053	1
3054	4
3055	3
3056	3
3057	0
3058	1
3059	1
3060	0
3061	2
3062	0
3063	2
3064	2
3065	2
3066	4
3067	0
3068	4
3069	4
3070	5
3071	1
3072	0
3073	1
3074	4
3075	0
3076	1
3077	1
3078	0
3079	6
3080	5
3081	4
3082	1
3083	4
3084	2
3085	2
3086	0
3087	0
3088	3
3089	3
3090	5
3091	1
3092	1
3093	2
3094	0
3095	0
3096	2
3097	4
3098	2
3099	3
3100	1
3101	2
3102	2
3103	3
3104	2
3105	1
3106	2
3107	2
3108	3
3109	1
3110	0
3111	2
3112	5
3113	2
3114	1
3115	5
3116	2
3117	1
3118	3
3119	3
3120	3
3121	3
3122	3
3123	2
3124	3
3125	1
3126	2
3127	2
3128	2
3129	0
3130	5
3131	1
3132	3
3133	0
3134	3
3135	2
3136	0
3137	1
3138	4
3139	1
3140	2
3141	1
3142	0
3143	2
3144	4
3145	2
3146	2
3147	3
3148	7
3149	3
3150	2
3151	0
3152	1
3153	1
3154	2
3155	1
3156	0
3157	0
3158	0
3159	2
3160	2
3161	1
3162	2
3163	1
3164	1
3165	1
3166	0
3167	0
3168	2
3169	1
3170	0
3171	0
3172	3
3173	0
3174	1
3175	1
3176	2
3177	3
3178	3
3179	1
3180	1
3181	2
3182	3
3183	2
3184	2
3185	4
3186	3
3187	1
3188	0
3189	3
3190	1
3191	3
3192	2
3193	3
3194	1
3195	0
3196	0
3197	1
3198	1
3199	3
3200	1
3201	0
3202	2
3203	0
3204	2
3205	3
3206	1
3207	2
3208	0
3209	2
3210	1
3211	3
3212	0
3213	1
3214	2
3215	1
3216	1
3217	1
3218	2
3219	2
3220	1
3221	3
3222	2
3223	2
3224	2
3225	3
3226	1
3227	0
3228	0
3229	1
3230	1
3231	1
3232	1
3233	1
3234	4
3235	2
3236	1
3237	1
3238	1
3239	0
3240	0
3241	3
3242	2
3243	0
3244	1
3245	3
3246	2
3247	5
3248	0
3249	2
3250	0
3251	1
3252	2
3253	1
3254	3
3255	1
3256	0
3257	1
3258	0
3259	0
3260	0
3261	2
3262	2
3263	3
3264	3
3265	2
3266	2
3267	4
3268	1
3269	2
3270	0
3271	4
3272	4
3273	2
3274	0
3275	2
3276	5
3277	1
3278	1
3279	3
3280	2
3281	1
3282	0
3283	2
3284	0
3285	0
3286	0
3287	1
3288	1
3289	2
3290	1
3291	3
3292	0
3293	1
3294	0
3295	0
3296	1
3297	1
3298	1
3299	1
3300	5
3301	1
3302	0
3303	4
3304	1
3305	1
3306	1
3307	4
3308	0
3309	3
3310	2
3311	0
3312	1
3313	1
3314	2
3315	2
3316	0
3317	1
3318	1
3319	2
3320	3
3321	1
3322	1
3323	3
3324	1
3325	3
3326	2
3327	1
3328	2
3329	1
3330	1
3331	1
3332	1
3333	1
3334	2
3335	3
3336	0
3337	5
3338	2
3339	1
3340	2
3341	2
3342	3
3343	0
3344	3
3345	0
3346	2
3347	1
3348	2
3349	1
3350	0
3351	1
3352	0
3353	3
3354	0
3355	1
3356	1
3357	1
3358	2
3359	3
3360	1
3361	4
3362	3
3363	0
3364	2
3365	1
3366	3
3367	2
3368	2
3369	1
3370	0
3371	2
3372	2
3373	1
3374	1
3375	5
3376	0
3377	0
3378	2
3379	1
3380	2
3381	0
3382	0
3383	0
3384	2
3385	3
3386	4
3387	1
3388	2
3389	2
3390	3
3391	1
3392	3
3393	1
3394	3
3395	5
3396	3
3397	0
3398	1
3399	1
3400	1
3401	1
3402	1
3403	1
3404	0
3405	0
3406	2
3407	0
3408	1
3409	2
3410	1
3411	2
3412	1
3413	2
3414	5
3415	0
3416	3
3417	3
3418	0
3419	1
3420	2
3421	0
3422	3
3423	1
3424	3
3425	2
3426	4
3427	0
3428	2
3429	0
3430	3
3431	4
3432	1
3433	1
3434	1
3435	0
3436	0
3437	1
3438	1
3439	0
3440	1
3441	2
3442	0
3443	4
3444	3
3445	0
3446	2
3447	1
3448	3
3449	2
3450	0
3451	3
3452	2
3453	2
3454	1
3455	1
3456	2
3457	0
3458	2
3459	1
3460	0
3461	2
3462	1
3463	1
3464	2
3465	1
3466	1
3467	5
3468	0
3469	2
3470	2
3471	0
3472	1
3473	0
3474	1
3475	0
3476	2
3477	1
3478	1
3479	0
3480	1
3481	0
3482	4
3483	0
3484	5
3485	0
3486	4
3487	2
3488	0
3489	0
3490	4
3491	2
3492	2
3493	0
3494	1
3495	1
3496	1
3497	1
3498	0
3499	1
3500	3
3501	1
3502	0
3503	1
3504	1
3505	3
3506	3
3507	2
3508	2
3509	3
3510	0
3511	0
3512	2
3513	0
3514	1
3515	1
3516	1
3517	2
3518	2
3519	0
3520	1
3521	3
3522	3
3523	3
3524	1
3525	2
3526	3
3527	1
3528	1
3529	3
3530	1
3531	2
3532	3
3533	0
3534	0
3535	3
3536	4
3537	0
3538	2
3539	0
3540	2
3541	3
3542	1
3543	1
3544	1
3545	2
3546	3
3547	1
3548	0
3549	0
3550	3
3551	2
3552	2
3553	0
3554	0
3555	2
3556	2
3557	2
3558	1
3559	4
3560	2
3561	3
3562	1
3563	1
3564	1
3565	2
3566	3
3567	1
3568	2
3569	2
3570	1
3571	3
3572	1
3573	0
3574	0
3575	1
3576	0
3577	3
3578	0
3579	0
3580	0
3581	3
3582	3
3583	3
3584	2
3585	1
3586	2
3587	2
3588	2
3589	1
3590	2
3591	1
3592	0
3593	0
3594	0
3595	0
3596	0
3597	1
3598	0
3599	3
3600	1
3601	2
3602	1
3603	1
3604	1
3605	1
3606	2
3607	1
3608	2
3609	2
3610	3
3611	2
3612	1
3613	5
3614	0
3615	2
3616	0
3617	1
3618	2
3619	0
3620	1
3621	0
3622	1
3623	1
3624	2
3625	2
3626	0
3627	2
3628	3
3629	3
3630	0
3631	2
3632	0
3633	3
3634	1
3635	1
3636	0
3637	2
3638	0
3639	2
3640	3
3641	1
3642	1
3643	2
3644	0
3645	2
3646	1
3647	0
3648	1
3649	0
3650	2
3651	1
3652	2
3653	0
3654	1
3655	1
3656	1
3657	1
3658	0
3659	1
3660	1
3661	0
3662	1
3663	2
3664	0
3665	0
3666	0
3667	1
3668	1
3669	0
3670	0
3671	3
3672	2
3673	1
3674	0
3675	1
3676	1
3677	2
3678	2
3679	3
3680	1
3681	1
3682	1
3683	0
3684	1
3685	0
3686	2
3687	1
3688	1
3689	1
3690	1
3691	2
3692	2
3693	0
3694	1
3695	3
3696	1
3697	3
3698	1
3699	3
3700	1
3701	0
3702	3
3703	1
3704	2
3705	1
3706	2
3707	0
3708	0
3709	1
3710	2
3711	0
3712	1
3713	0
3714	2
3715	1
3716	2
3717	0
3718	1
3719	0
3720	4
3721	0
3722	1
3723	4
3724	1
3725	1
3726	3
3727	0
3728	2
3729	2
3730	1
3731	3
3732	0
3733	1
3734	4
3735	1
3736	0
3737	2
3738	2
3739	2
3740	0
3741	2
3742	1
3743	0
3744	3
3745	0
3746	4
3747	2
3748	0
3749	3
3750	1
3751	0
3752	0
3753	1
3754	0
3755	0
3756	2
3757	0
3758	2
3759	1
3760	2
3761	2
3762	0
3763	0
3764	0
3765	1
3766	0
3767	1
3768	2
3769	1
3770	1
3771	2
3772	0
3773	0
3774	4
3775	2
3776	0
3777	1
3778	0
3779	1
3780	0
3781	2
3782	4
3783	1
3784	2
3785	0
3786	0
3787	0
3788	1
3789	2
3790	0
3791	1
3792	1
3793	1
3794	1
3795	0
3796	0
3797	4
3798	5
3799	1
3800	0
3801	0
3802	0
3803	1
3804	0
3805	0
3806	1
3807	0
3808	0
3809	1
3810	1
3811	2
3812	0
3813	1
3814	2
3815	0
3816	4
3817	0
3818	0
3819	0
3820	1
3821	0
3822	1
3823	0
3824	2
3825	1
3826	2
3827	1
3828	0
3829	3
3830	5
3831	0
3832	1
3833	1
3834	0
3835	0
3836	2
3837	1
3838	1
3839	0
3840	2
3841	0
3842	1
3843	2
3844	0
3845	1
3846	1
3847	0
3848	0
3849	0
3850	1
3851	1
3852	1
3853	2
3854	0
3855	2
3856	2
3857	2
3858	3
3859	3
3860	2
3861	1
3862	0
3863	0
3864	0
3865	1
3866	1
3867	4
3868	2
3869	0
3870	1
3871	1
3872	1
3873	0
3874	2
3875	1
3876	1
3877	5
3878	0
3879	0
3880	1
3881	1
3882	3
3883	0
3884	3
3885	3
3886	0
3887	1
3888	0
3889	2
3890	1
3891	1
3892	0
3893	1
3894	1
3895	0
3896	0
3897	2
3898	3
3899	0
3900	2
3901	2
3902	2
3903	1
3904	1
3905	2
3906	2
3907	2
3908	2
3909	1
3910	3
3911	1
3912	3
3913	0
3914	2
3915	0
3916	0
3917	2
3918	0
3919	0
3920	4
3921	2
3922	3
3923	1
3924	1
3925	1
3926	0
3927	2
3928	2
3929	1
3930	3
3931	3
3932	1
3933	0
3934	2
3935	2
3936	1
3937	3
3938	1
3939	1
3940	2
3941	2
3942	1
3943	0
3944	1
3945	0
3946	1
3947	1
3948	1
3949	1
3950	2
3951	0
3952	0
3953	2
3954	0
3955	0
3956	1
3957	0
3958	0
3959	1
3960	1
3961	2
3962	2
3963	1
3964	1
3965	1
3966	1
3967	1
3968	1
3969	1
3970	1
3971	2
3972	1
3973	0
3974	1
3975	1
3976	3
3977	2
3978	1
3979	0
3980	0
3981	0
3982	0
3983	0
3984	1
3985	1
3986	1
3987	0
3988	1
3989	0
3990	1
3991	0
3992	2
3993	2
3994	2
3995	1
3996	1
3997	2
3998	1
3999	1
4000	1
4001	1
4002	2
4003	0
4004	1
4005	0
4006	1
4007	3
4008	1
4009	1
4010	1
4011	1
4012	1
4013	0
4014	2
4015	1
4016	2
4017	1
4018	0
4019	0
4020	3
4021	1
4022	2
4023	1
4024	2
4025	1
4026	0
4027	1
4028	1
4029	3
4030	2
4031	1
4032	2
4033	1
4034	1
4035	1
4036	0
4037	2
4038	2
4039	1
4040	2
4041	0
4042	2
4043	2
4044	2
4045	0
4046	2
4047	2
4048	2
4049	1
4050	0
4051	4
4052	0
4053	2
4054	0
4055	0
4056	2
4057	2
4058	1
4059	0
4060	0
4061	0
4062	2
4063	2
4064	0
4065	0
4066	1
4067	1
4068	1
4069	1
4070	1
4071	2
4072	0
4073	0
4074	0
4075	0
4076	2
4077	0
4078	0
4079	1
4080	1
4081	1
4082	2
4083	2
4084	2
4085	0
4086	2
4087	1
4088	0
4089	0
4090	1
4091	0
4092	1
4093	1
4094	2
4095	1
4096	1
4097	0
4098	3
4099	2
4100	0
4101	2
4102	3
4103	0
4104	0
4105	0
4106	1
4107	2
4108	3
4109	0
4110	1
4111	3
4112	1
4113	0
4114	1
4115	0
4116	0
4117	3
4118	4
4119	0
4120	2
4121	1
4122	1
4123	1
4124	0
4125	0
4126	0
4127	0
4128	1
4129	1
4130	0
4131	3
4132	1
4133	2
4134	0
4135	4
4136	4
4137	3
4138	1
4139	2
4140	0
4141	1
4142	2
4143	3
4144	1
4145	0
4146	0
4147	1
4148	1
4149	0
4150	3
4151	1
4152	1
4153	1
4154	3
4155	2
4156	0
4157	0
4158	1
4159	0
4160	3
4161	0
4162	0
4163	1
4164	0
4165	2
4166	2
4167	1
4168	0
4169	1
4170	1
4171	0
4172	1
4173	1
4174	1
4175	1
4176	1
4177	2
4178	1
4179	0
4180	1
4181	0
4182	1
4183	0
4184	1
4185	0
4186	0
4187	0
4188	0
4189	2
4190	1
4191	1
4192	0
4193	0
4194	1
4195	0
4196	2
4197	1
4198	1
4199	1
4200	0
4201	0
4202	1
4203	0
4204	0
4205	0
4206	2
4207	1
4208	1
4209	0
4210	0
4211	1
4212	0
4213	3
4214	1
4215	0
4216	1
4217	2
4218	1
4219	1
4220	2
4221	2
4222	2
4223	1
4224	0
4225	0
4226	1
4227	0
4228	0
4229	2
4230	0
4231	1
4232	0
4233	0
4234	1
4235	0
4236	0
4237	1
4238	0
4239	0
4240	0
4241	0
4242	2
4243	2
4244	0
4245	0
4246	0
4247	2
4248	1
4249	1
4250	2
4251	1
4252	0
4253	1
4254	0
4255	1
4256	3
4257	0
4258	3
4259	0
4260	3
4261	0
4262	0
4263	3
4264	0
4265	0
4266	2
4267	3
4268	0
4269	1
4270	2
4271	1
4272	1
4273	2
4274	1
4275	0
4276	0
4277	1
4278	1
4279	2
4280	0
4281	1
4282	1
4283	2
4284	0
4285	1
4286	0
4287	2
4288	1
4289	0
4290	2
4291	1
4292	0
4293	0
4294	1
4295	1
4296	0
4297	0
4298	2
4299	0
4300	1
4301	0
4302	2
4303	0
4304	1
4305	2
4306	0
4307	1
4308	1
4309	0
4310	0
4311	3
4312	2
4313	0
4314	1
4315	1
4316	0
4317	1
4318	1
4319	3
4320	2
4321	2
4322	2
4323	1
4324	3
4325	0
4326	1
4327	1
4328	0
4329	1
4330	2
4331	0
4332	0
4333	1
4334	2
4335	3
4336	1
4337	1
4338	2
4339	0
4340	0
4341	0
4342	1
4343	2
4344	0
4345	3
4346	2
4347	0
4348	1
4349	1
4350	0
4351	1
4352	1
4353	1
4354	1
4355	1
4356	1
4357	1
4358	1
4359	0
4360	0
4361	1
4362	1
4363	3
4364	0
4365	0
4366	0
4367	0
4368	0
4369	1
4370	0
4371	1
4372	2
4373	4
4374	1
4375	1
4376	0
4377	3
4378	1
4379	0
4380	0
4381	1
4382	0
4383	1
4384	2
4385	0
4386	1
4387	1
4388	0
4389	0
4390	1
4391	3
4392	2
4393	1
4394	0
4395	0
4396	2
4397	1
4398	0
4399	0
4400	1
4401	0
4402	0
4403	1
4404	1
4405	1
4406	1
4407	1
4408	4
4409	0
4410	0
4411	0
4412	1
4413	2
4414	1
4415	1
4416	0
4417	0
4418	1
4419	0
4420	0
4421	0
4422	0
4423	3
4424	1
4425	0
4426	1
4427	1
4428	1
4429	2
4430	3
4431	0
4432	1
4433	1
4434	2
4435	1
4436	1
4437	0
4438	2
4439	1
4440	1
4441	0
4442	2
4443	1
4444	1
4445	3
4446	0
4447	1
4448	1
4449	1
4450	1
4451	0
4452	3
4453	2
4454	1
4455	2
4456	0
4457	0
4458	0
4459	0
4460	0
4461	0
4462	0
4463	1
4464	1
4465	0
4466	1
4467	4
4468	0
4469	1
4470	0
4471	1
4472	0
4473	2
4474	0
4475	2
4476	1
4477	1
4478	1
4479	4
4480	0
4481	1
4482	1
4483	0
4484	0
4485	2
4486	0
4487	0
4488	2
4489	1
4490	1
4491	0
4492	0
4493	1
4494	2
4495	2
4496	4
4497	0
4498	1
4499	0
4500	0
4501	0
4502	1
4503	2
4504	3
4505	1
4506	0
4507	0
4508	3
4509	1
4510	0
4511	0
4512	0
4513	0
4514	2
4515	1
4516	0
4517	2
4518	0
4519	0
4520	0
4521	0
4522	0
4523	0
4524	0
4525	0
4526	1
4527	1
4528	0
4529	3
4530	0
4531	1
4532	1
4533	1
4534	1
4535	0
4536	2
4537	1
4538	3
4539	1
4540	2
4541	0
4542	1
4543	1
4544	0
4545	2
4546	0
4547	1
4548	3
4549	1
4550	1
4551	0
4552	0
4553	0
4554	1
4555	1
4556	1
4557	1
4558	1
4559	4
4560	1
4561	2
4562	1
4563	1
4564	1
4565	0
4566	0
4567	1
4568	1
4569	2
4570	2
4571	1
4572	1
4573	1
4574	1
4575	1
4576	1
4577	2
4578	0
4579	3
4580	0
4581	3
4582	1
4583	1
4584	3
4585	0
4586	2
4587	1
4588	1
4589	0
4590	1
4591	1
4592	1
4593	1
4594	1
4595	1
4596	0
4597	1
4598	1
4599	1
4600	1
4601	2
4602	2
4603	0
4604	1
4605	0
4606	1
4607	1
4608	0
4609	2
4610	0
4611	0
4612	0
4613	2
4614	1
4615	0
4616	0
4617	0
4618	1
4619	0
4620	0
4621	0
4622	1
4623	2
4624	1
4625	0
4626	3
4627	0
4628	0
4629	0
4630	0
4631	0
4632	2
4633	2
4634	0
4635	1
4636	1
4637	0
4638	0
4639	0
4640	1
4641	0
4642	0
4643	4
4644	0
4645	0
4646	2
4647	0
4648	0
4649	0
4650	2
4651	0
4652	2
4653	0
4654	2
4655	2
4656	2
4657	0
4658	1
4659	2
4660	2
4661	0
4662	0
4663	1
4664	0
4665	1
4666	0
4667	0
4668	2
4669	0
4670	0
4671	2
4672	2
4673	0
4674	0
4675	2
4676	1
4677	0
4678	0
4679	4
4680	0
4681	2
4682	1
4683	0
4684	0
4685	1
4686	1
4687	1
4688	2
4689	1
4690	1
4691	3
4692	1
4693	1
4694	0
4695	1
4696	2
4697	1
4698	1
4699	0
4700	1
4701	1
4702	1
4703	1
4704	2
4705	0
4706	0
4707	1
4708	1
4709	2
4710	2
4711	3
4712	2
4713	0
4714	1
4715	0
4716	1
4717	1
4718	1
4719	0
4720	3
4721	1
4722	1
4723	0
4724	1
4725	0
4726	3
4727	1
4728	0
4729	0
4730	0
4731	1
4732	0
4733	1
4734	2
4735	3
4736	2
4737	1
4738	2
4739	2
4740	0
4741	0
4742	1
4743	1
4744	3
4745	1
4746	2
4747	1
4748	1
4749	0
4750	2
4751	0
4752	3
4753	0
4754	0
4755	1
4756	2
4757	2
4758	3
4759	2
4760	0
4761	0
4762	0
4763	0
4764	0
4765	1
4766	1
4767	0
4768	1
4769	0
4770	1
4771	0
4772	1
4773	0
4774	1
4775	3
4776	1
4777	0
4778	2
4779	1
4780	0
4781	1
4782	0
4783	0
4784	0
4785	0
4786	1
4787	1
4788	2
4789	0
4790	2
4791	1
4792	0
4793	1
4794	0
4795	0
4796	0
4797	1
4798	1
4799	2
4800	0
4801	2
4802	0
4803	0
4804	1
4805	1
4806	0
4807	0
4808	1
4809	0
4810	1
4811	1
4812	1
4813	0
4814	0
4815	2
4816	2
4817	0
4818	1
4819	0
4820	2
4821	3
4822	2
4823	1
4824	1
4825	1
4826	2
4827	1
4828	1
4829	1
4830	2
4831	1
4832	0
4833	2
4834	0
4835	0
4836	0
4837	0
4838	1
4839	2
4840	0
4841	1
4842	1
4843	1
4844	1
4845	1
4846	1
4847	1
4848	2
4849	0
4850	2
4851	0
4852	0
4853	1
4854	2
4855	0
4856	2
4857	0
4858	2
4859	0
4860	1
4861	0
4862	0
4863	1
4864	1
4865	0
4866	1
4867	0
4868	1
4869	0
4870	1
4871	2
4872	0
4873	0
4874	1
4875	3
4876	2
4877	0
4878	0
4879	2
4880	2
4881	1
4882	1
4883	0
4884	0
4885	1
4886	0
4887	2
4888	0
4889	0
4890	2
4891	1
4892	0
4893	0
4894	2
4895	0
4896	0
4897	0
4898	1
4899	2
4900	0
4901	2
4902	1
4903	0
4904	0
4905	0
4906	2
4907	2
4908	0
4909	0
4910	0
4911	0
4912	0
4913	2
4914	2
4915	0
4916	2
4917	0
4918	0
4919	1
4920	0
4921	2
4922	1
4923	1
4924	0
4925	2
4926	0
4927	2
4928	0
4929	0
4930	1
4931	0
4932	1
4933	1
4934	2
4935	1
4936	2
4937	1
4938	1
4939	0
4940	4
4941	2
4942	1
4943	2
4944	2
4945	0
4946	1
4947	1
4948	2
4949	1
4950	0
4951	1
4952	1
4953	2
4954	0
4955	1
4956	0
4957	2
4958	1
4959	1
4960	2
4961	2
4962	1
4963	1
4964	1
4965	3
4966	0
4967	0
4968	1
4969	0
4970	0
4971	0
4972	1
4973	1
4974	2
4975	1
4976	0
4977	1
4978	0
4979	2
4980	2
4981	2
4982	3
4983	2
4984	2
4985	0
4986	2
4987	1
4988	2
4989	0
4990	2
4991	1
4992	2
4993	3
4994	3
4995	1
4996	1
4997	1
4998	1
4999	3
5000	1
5001	2
5002	1
5003	1
5004	1
5005	1
5006	0
5007	2
5008	0
5009	1
5010	3
5011	1
5012	0
5013	2
5014	1
5015	1
5016	1
5017	1
5018	0
5019	1
5020	1
5021	1
5022	2
5023	0
5024	1
5025	2
5026	2
5027	0
5028	0
5029	0
5030	2
5031	0
5032	1
5033	2
5034	1
5035	1
5036	1
5037	1
5038	3
5039	1
5040	1
5041	2
5042	0
5043	1
5044	2
5045	0
5046	0
5047	2
5048	2
5049	2
5050	0
5051	0
5052	2
5053	1
5054	0
5055	0
5056	2
5057	1
5058	2
5059	2
5060	1
5061	2
5062	0
5063	1
5064	0
5065	0
5066	1
5067	0
5068	1
5069	3
5070	2
5071	0
5072	1
5073	0
5074	1
5075	1
5076	0
5077	3
5078	0
5079	4
5080	2
5081	1
5082	0
5083	2
5084	0
5085	1
5086	0
5087	2
5088	1
5089	3
5090	0
5091	1
5092	1
5093	2
5094	2
5095	1
5096	0
5097	1
5098	0
5099	0
5100	2
5101	2
5102	1
5103	3
5104	0
5105	1
5106	2
5107	1
5108	1
5109	4
5110	1
5111	0
5112	0
5113	1
5114	0
5115	1
5116	3
5117	0
5118	1
5119	1
5120	0
5121	0
5122	2
5123	0
5124	1
5125	1
5126	1
5127	1
5128	2
5129	1
5130	2
5131	0
5132	2
5133	2
5134	2
5135	2
5136	0
5137	1
5138	1
5139	1
5140	1
5141	4
5142	1
5143	0
5144	3
5145	1
5146	0
5147	0
5148	1
5149	0
5150	1
5151	3
5152	0
5153	0
5154	1
5155	2
5156	1
5157	2
5158	0
5159	0
5160	2
5161	0
5162	1
5163	1
5164	2
5165	1
5166	2
5167	1
5168	1
5169	0
5170	0
5171	3
5172	1
5173	1
5174	0
5175	3
5176	0
5177	0
5178	1
5179	2
5180	1
5181	0
5182	0
5183	1
5184	1
5185	0
5186	0
5187	0
5188	1
5189	0
5190	1
5191	2
5192	0
5193	0
5194	1
5195	2
5196	1
5197	0
5198	1
5199	0
5200	0
5201	0
5202	1
5203	3
5204	1
5205	1
5206	0
5207	2
5208	2
5209	0
5210	1
5211	2
5212	3
5213	0
5214	0
5215	0
5216	1
5217	2
5218	1
5219	3
5220	0
5221	1
5222	2
5223	2
5224	0
5225	0
5226	0
5227	0
5228	2
5229	0
5230	3
5231	2
5232	1
5233	3
5234	0
5235	4
5236	2
5237	0
5238	1
5239	1
5240	1
5241	0
5242	1
5243	2
5244	1
5245	1
5246	0
5247	2
5248	1
5249	0
5250	1
5251	1
5252	3
5253	0
5254	2
5255	1
5256	1
5257	1
5258	0
5259	1
5260	1
5261	0
5262	0
5263	1
5264	0
5265	2
5266	0
5267	2
5268	1
5269	1
5270	1
5271	2
5272	1
5273	1
5274	2
5275	2
5276	0
5277	0
5278	1
5279	1
5280	0
5281	3
5282	1
5283	3
5284	1
5285	0
5286	2
5287	0
5288	1
5289	0
5290	1
5291	2
5292	1
5293	0
5294	2
5295	1
5296	4
5297	1
5298	1
5299	2
5300	2
5301	0
5302	1
5303	2
5304	1
5305	0
5306	1
5307	1
5308	1
5309	1
5310	1
5311	1
5312	1
5313	0
5314	1
5315	1
5316	1
5317	1
5318	1
5319	1
5320	1
5321	0
5322	0
5323	2
5324	3
5325	2
5326	0
5327	3
5328	0
5329	1
5330	1
5331	0
5332	3
5333	0
5334	1
5335	1
5336	0
5337	1
5338	1
5339	0
5340	0
5341	3
5342	0
5343	0
5344	0
5345	1
5346	2
5347	2
5348	1
5349	2
5350	1
5351	1
5352	0
5353	1
5354	0
5355	1
5356	1
5357	0
5358	2
5359	1
5360	1
5361	1
5362	2
5363	2
5364	0
5365	0
5366	0
5367	2
5368	3
5369	0
5370	3
5371	2
5372	1
5373	1
5374	1
5375	2
5376	0
5377	2
5378	0
5379	1
5380	2
5381	0
5382	1
5383	0
5384	1
5385	1
5386	0
5387	3
5388	1
5389	1
5390	0
5391	1
5392	1
5393	1
5394	1
5395	0
5396	1
5397	3
5398	2
5399	0
5400	3
5401	0
5402	1
5403	1
5404	0
5405	0
5406	2
5407	3
5408	0
5409	1
5410	1
5411	0
5412	1
5413	1
5414	1
5415	2
5416	2
5417	0
5418	0
5419	2
5420	2
5421	0
5422	1
5423	1
5424	2
5425	2
5426	1
5427	0
5428	1
5429	0
5430	1
5431	0
5432	2
5433	1
5434	1
5435	3
5436	0
5437	1
5438	0
5439	2
5440	1
5441	1
5442	0
5443	1
5444	0
5445	1
5446	2
5447	0
5448	0
5449	1
5450	3
5451	1
5452	0
5453	1
5454	1
5455	2
5456	0
5457	0
5458	1
5459	0
5460	0
5461	0
5462	1
5463	1
5464	0
5465	5
5466	0
5467	3
5468	1
5469	1
5470	3
5471	1
5472	1
5473	3
5474	1
5475	2
5476	0
5477	0
5478	1
5479	0
5480	0
5481	0
5482	1
5483	3
5484	1
5485	2
5486	0
5487	2
5488	2
5489	2
5490	1
5491	2
5492	0
5493	0
5494	2
5495	0
5496	5
5497	0
5498	0
5499	1
5500	0
5501	2
5502	1
5503	0
5504	0
5505	0
5506	2
5507	2
5508	2
5509	3
5510	2
5511	0
5512	0
5513	3
5514	0
5515	3
5516	1
5517	2
5518	0
5519	3
5520	0
5521	1
5522	1
5523	0
5524	3
5525	3
5526	1
5527	1
5528	1
5529	1
5530	0
5531	0
5532	2
5533	1
5534	2
5535	2
5536	2
5537	0
5538	2
5539	2
5540	0
5541	1
5542	0
5543	1
5544	1
5545	0
5546	0
5547	0
5548	1
5549	0
5550	2
5551	2
5552	1
5553	1
5554	1
5555	2
5556	1
5557	3
5558	0
5559	0
5560	0
5561	3
5562	0
5563	6
5564	1
5565	0
5566	2
5567	2
5568	0
5569	1
5570	1
5571	0
5572	1
5573	2
5574	3
5575	0
5576	0
5577	1
5578	1
5579	2
5580	0
5581	0
5582	0
5583	0
5584	1
5585	5
5586	0
5587	0
5588	1
5589	0
5590	1
5591	3
5592	1
5593	1
5594	1
5595	0
5596	2
5597	2
5598	3
5599	0
5600	1
5601	3
5602	0
5603	1
5604	0
5605	1
5606	3
5607	0
5608	2
5609	4
5610	1
5611	0
5612	3
5613	0
5614	0
5615	0
5616	0
5617	1
5618	0
5619	1
5620	1
5621	1
5622	0
5623	0
5624	3
5625	1
5626	0
5627	0
5628	0
5629	3
5630	0
5631	0
5632	2
5633	0
5634	0
5635	1
5636	1
5637	1
5638	1
5639	1
5640	0
5641	0
5642	1
5643	1
5644	1
5645	1
5646	0
5647	1
5648	3
5649	2
5650	0
5651	0
5652	3
5653	5
5654	1
5655	1
5656	0
5657	1
5658	1
5659	0
5660	1
5661	0
5662	1
5663	2
5664	0
5665	2
5666	0
5667	1
5668	0
5669	1
5670	0
5671	0
5672	2
5673	0
5674	1
5675	1
5676	0
5677	0
5678	0
5679	0
5680	0
5681	1
5682	1
5683	3
5684	0
5685	0
5686	0
5687	0
5688	1
5689	2
5690	0
5691	1
5692	0
5693	0
5694	0
5695	3
5696	1
5697	0
5698	1
5699	0
5700	1
5701	0
5702	2
5703	2
5704	2
5705	1
5706	1
5707	1
5708	0
5709	2
5710	0
5711	0
5712	0
5713	0
5714	1
5715	1
5716	1
5717	2
5718	3
5719	2
5720	0
5721	2
5722	0
5723	2
5724	1
5725	1
5726	0
5727	2
5728	1
5729	1
5730	1
5731	1
5732	1
5733	0
5734	3
5735	1
5736	1
5737	1
5738	0
5739	2
5740	3
5741	0
5742	0
5743	0
5744	0
5745	0
5746	3
5747	1
5748	3
5749	2
5750	0
5751	1
5752	2
5753	0
5754	1
5755	1
5756	0
5757	1
5758	0
5759	0
5760	0
5761	4
5762	0
5763	0
5764	0
5765	2
5766	0
5767	1
5768	0
5769	0
5770	1
5771	1
5772	1
5773	3
5774	0
5775	5
5776	0
5777	1
5778	1
5779	1
5780	1
5781	2
5782	3
5783	0
5784	0
5785	1
5786	0
5787	2
5788	3
5789	2
5790	0
5791	0
5792	1
5793	0
5794	3
5795	1
5796	0
5797	2
5798	3
5799	3
5800	1
5801	2
5802	0
5803	1
5804	2
5805	2
5806	0
5807	0
5808	0
5809	2
5810	2
5811	0
5812	2
5813	0
5814	2
5815	1
5816	0
5817	1
5818	0
5819	0
5820	2
5821	1
5822	1
5823	0
5824	0
5825	0
5826	2
5827	1
5828	2
5829	2
5830	2
5831	0
5832	2
5833	1
5834	3
5835	0
5836	1
5837	0
5838	3
5839	1
5840	0
5841	0
5842	0
5843	0
5844	0
5845	2
5846	0
5847	0
5848	0
5849	1
5850	0
5851	2
5852	2
5853	1
5854	1
5855	3
5856	2
5857	1
5858	0
5859	0
5860	0
5861	3
5862	1
5863	3
5864	2
5865	2
5866	1
5867	0
5868	1
5869	1
5870	1
5871	1
5872	0
5873	0
5874	0
5875	5
5876	2
5877	1
5878	1
5879	1
5880	3
5881	2
5882	1
5883	1
5884	0
5885	2
5886	3
5887	0
5888	3
5889	2
5890	0
5891	1
5892	3
5893	0
5894	0
5895	0
5896	1
5897	1
5898	1
5899	0
5900	2
5901	0
5902	0
5903	1
5904	1
5905	0
5906	2
5907	2
5908	1
5909	1
5910	0
5911	2
5912	0
5913	0
5914	0
5915	3
5916	0
5917	1
5918	0
5919	1
5920	1
5921	1
5922	1
5923	2
5924	0
5925	3
5926	1
5927	1
5928	1
5929	1
5930	1
5931	0
5932	0
5933	1
5934	1
5935	2
5936	0
5937	0
5938	0
5939	2
5940	0
5941	1
5942	3
5943	0
5944	0
5945	0
5946	0
5947	0
5948	2
5949	2
5950	1
5951	0
5952	1
5953	1
5954	0
5955	1
5956	1
5957	1
5958	4
5959	1
5960	2
5961	0
5962	2
5963	2
5964	2
5965	0
5966	1
5967	1
5968	2
5969	1
5970	2
5971	0
5972	3
5973	1
5974	2
5975	0
5976	1
5977	1
5978	0
5979	1
5980	0
5981	0
5982	2
5983	2
5984	1
5985	0
5986	1
5987	2
5988	0
5989	1
5990	1
5991	2
5992	1
5993	1
5994	1
5995	0
5996	2
5997	1
5998	1
5999	3
6000	2
6001	2
6002	1
6003	0
6004	0
6005	0
6006	3
6007	1
6008	1
6009	1
6010	0
6011	0
6012	3
6013	1
6014	1
6015	1
6016	1
6017	0
6018	0
6019	0
6020	1
6021	0
6022	0
6023	1
6024	1
6025	2
6026	1
6027	1
6028	1
6029	1
6030	2
6031	2
6032	0
6033	1
6034	1
6035	1
6036	2
6037	1
6038	1
6039	3
6040	0
6041	0
6042	0
6043	0
6044	1
6045	0
6046	1
6047	1
6048	0
6049	1
6050	2
6051	1
6052	0
6053	0
6054	0
6055	1
6056	1
6057	1
6058	2
6059	0
6060	1
6061	1
6062	1
6063	0
6064	1
6065	1
6066	3
6067	0
6068	3
6069	2
6070	0
6071	2
6072	3
6073	1
6074	1
6075	1
6076	0
6077	0
6078	0
6079	1
6080	1
6081	0
6082	0
6083	0
6084	0
6085	0
6086	2
6087	1
6088	2
6089	1
6090	1
6091	1
6092	0
6093	0
6094	2
6095	1
6096	2
6097	0
6098	1
6099	0
6100	2
6101	1
6102	0
6103	0
6104	0
6105	0
6106	0
6107	1
6108	1
6109	2
6110	3
6111	0
6112	0
6113	1
6114	1
6115	1
6116	0
6117	2
6118	0
6119	1
6120	1
6121	2
6122	0
6123	1
6124	1
6125	1
6126	1
6127	1
6128	0
6129	1
6130	1
6131	1
6132	1
6133	0
6134	2
6135	3
6136	1
6137	1
6138	1
6139	3
6140	1
6141	0
6142	3
6143	2
6144	0
6145	0
6146	2
6147	2
6148	0
6149	1
6150	1
6151	0
6152	1
6153	0
6154	1
6155	1
6156	1
6157	1
6158	3
6159	0
6160	1
6161	0
6162	0
6163	1
6164	3
6165	1
6166	1
6167	1
6168	0
6169	1
6170	1
6171	0
6172	0
6173	0
6174	1
6175	2
6176	1
6177	0
6178	1
6179	1
6180	0
6181	0
6182	2
6183	0
6184	2
6185	1
6186	2
6187	0
6188	0
6189	3
6190	1
6191	3
6192	1
6193	0
6194	0
6195	2
6196	1
6197	3
6198	2
6199	0
6200	0
6201	1
6202	1
6203	1
6204	1
6205	1
6206	2
6207	0
6208	3
6209	0
6210	0
6211	0
6212	1
6213	2
6214	2
6215	0
6216	0
6217	3
6218	0
6219	0
6220	2
6221	0
6222	3
6223	0
6224	0
6225	1
6226	1
6227	1
6228	0
6229	1
6230	1
6231	0
6232	0
6233	2
6234	2
6235	1
6236	0
6237	1
6238	0
6239	1
6240	1
6241	1
6242	1
6243	3
6244	1
6245	0
6246	1
6247	0
6248	1
6249	1
6250	2
6251	1
6252	0
6253	3
6254	1
6255	1
6256	0
6257	0
6258	3
6259	0
6260	0
6261	0
6262	1
6263	2
6264	1
6265	0
6266	0
6267	1
6268	0
6269	2
6270	1
6271	0
6272	2
6273	0
6274	1
6275	0
6276	1
6277	2
6278	0
6279	1
6280	1
6281	0
6282	0
6283	0
6284	3
6285	1
6286	3
6287	0
6288	1
6289	2
6290	1
6291	0
6292	1
6293	2
6294	1
6295	1
6296	1
6297	0
6298	0
6299	2
6300	1
6301	0
6302	0
6303	1
6304	1
6305	0
6306	0
6307	1
6308	1
6309	0
6310	0
6311	1
6312	1
6313	0
6314	2
6315	0
6316	2
6317	2
6318	0
6319	0
6320	0
6321	2
6322	4
6323	0
6324	3
6325	0
6326	1
6327	0
6328	0
6329	2
6330	0
6331	2
6332	0
6333	1
6334	1
6335	2
6336	0
6337	0
6338	0
6339	0
6340	0
6341	0
6342	2
6343	0
6344	1
6345	1
6346	1
6347	3
6348	0
6349	0
6350	3
6351	0
6352	2
6353	1
6354	1
6355	2
6356	0
6357	1
6358	0
6359	1
6360	0
6361	1
6362	1
6363	1
6364	0
6365	2
6366	0
6367	0
6368	0
6369	0
6370	1
6371	2
6372	2
6373	0
6374	0
6375	3
6376	0
6377	0
6378	0
6379	1
6380	0
6381	1
6382	1
6383	1
6384	0
6385	0
6386	0
6387	1
6388	0
6389	1
6390	1
6391	0
6392	1
6393	2
6394	1
6395	1
6396	0
6397	0
6398	1
6399	1
6400	0
6401	0
6402	0
6403	1
6404	1
6405	0
6406	2
6407	0
6408	0
6409	0
6410	2
6411	1
6412	2
6413	1
6414	1
6415	1
6416	0
6417	1
6418	2
6419	1
6420	2
6421	1
6422	0
6423	0
6424	1
6425	0
6426	1
6427	1
6428	1
6429	1
6430	1
6431	2
6432	1
6433	3
6434	1
6435	1
6436	1
6437	2
6438	0
6439	0
6440	0
6441	0
6442	0
6443	0
6444	1
6445	1
6446	0
6447	2
6448	3
6449	1
6450	2
6451	1
6452	0
6453	0
6454	0
6455	0
6456	0
6457	1
6458	0
6459	2
6460	5
6461	0
6462	1
6463	0
6464	0
6465	0
6466	2
6467	1
6468	1
6469	0
6470	0
6471	1
6472	1
6473	2
6474	2
6475	1
6476	0
6477	0
6478	3
6479	0
6480	0
6481	1
6482	0
6483	3
6484	3
6485	0
6486	2
6487	1
6488	0
6489	2
6490	0
6491	2
6492	1
6493	3
6494	1
6495	1
6496	0
6497	1
6498	0
6499	0
6500	1
6501	0
6502	0
6503	0
6504	1
6505	1
6506	0
6507	0
6508	0
6509	3
6510	0
6511	1
6512	0
6513	1
6514	3
6515	1
6516	0
6517	0
6518	1
6519	0
6520	0
6521	1
6522	3
6523	1
6524	0
6525	1
6526	1
6527	0
6528	0
6529	1
6530	0
6531	0
6532	2
6533	0
6534	0
6535	1
6536	0
6537	0
6538	0
6539	0
6540	0
6541	0
6542	2
6543	0
6544	0
6545	0
6546	1
6547	0
6548	1
6549	2
6550	1
6551	1
6552	1
6553	1
6554	1
6555	0
6556	1
6557	0
6558	0
6559	1
6560	0
6561	2
6562	0
6563	0
6564	0
6565	1
6566	0
6567	0
6568	0
6569	0
6570	0
6571	1
6572	0
6573	1
6574	0
6575	0
6576	2
6577	1
6578	0
6579	0
6580	1
6581	1
6582	0
6583	1
6584	1
6585	0
6586	0
6587	1
6588	0
6589	4
6590	0
6591	0
6592	3
6593	2
6594	0
6595	0
6596	1
6597	1
6598	0
6599	2
6600	1
6601	1
6602	0
6603	1
6604	1
6605	0
6606	0
6607	0
6608	0
6609	1
6610	2
6611	0
6612	0
6613	2
6614	0
6615	4
6616	0
6617	2
6618	1
6619	0
6620	3
6621	0
6622	1
6623	0
6624	0
6625	0
6626	1
6627	1
6628	0
6629	1
6630	1
6631	1
6632	2
6633	0
6634	1
6635	0
6636	2
6637	2
6638	0
6639	2
6640	1
6641	1
6642	1
6643	1
6644	1
6645	0
6646	1
6647	1
6648	0
6649	2
6650	2
6651	1
6652	1
6653	1
6654	2
6655	1
6656	0
6657	1
6658	2
6659	0
6660	1
6661	0
6662	0
6663	1
6664	0
6665	1
6666	1
6667	2
6668	0
6669	1
6670	1
6671	2
6672	0
6673	0
6674	1
6675	0
6676	1
6677	3
6678	2
6679	2
6680	1
6681	0
6682	0
6683	0
6684	1
6685	2
6686	0
6687	3
6688	0
6689	2
6690	1
6691	0
6692	0
6693	3
6694	3
6695	2
6696	1
6697	1
6698	2
6699	0
6700	0
6701	0
6702	1
6703	1
6704	0
6705	1
6706	1
6707	1
6708	1
6709	1
6710	1
6711	3
6712	0
6713	1
6714	0
6715	0
6716	1
6717	2
6718	0
6719	0
6720	1
6721	0
6722	0
6723	1
6724	1
6725	0
6726	0
6727	1
6728	1
6729	2
6730	1
6731	1
6732	1
6733	1
6734	1
6735	1
6736	1
6737	3
6738	0
6739	2
6740	1
6741	0
6742	2
6743	1
6744	0
6745	2
6746	0
6747	1
6748	0
6749	0
6750	1
6751	1
6752	0
6753	0
6754	1
6755	2
6756	1
6757	1
6758	0
6759	0
6760	0
6761	1
6762	2
6763	1
6764	1
6765	0
6766	1
6767	1
6768	2
6769	1
6770	0
6771	0
6772	1
6773	2
6774	1
6775	2
6776	0
6777	1
6778	2
6779	2
6780	3
6781	1
6782	1
6783	3
6784	1
6785	0
6786	0
6787	1
6788	0
6789	0
6790	1
6791	1
6792	2
6793	1
6794	0
6795	1
6796	0
6797	0
6798	0
6799	0
6800	1
6801	0
6802	2
6803	0
6804	0
6805	1
6806	1
6807	0
6808	0
6809	0
6810	0
6811	0
6812	3
6813	1
6814	2
6815	4
6816	0
6817	3
6818	1
6819	1
6820	0
6821	3
6822	1
6823	1
6824	3
6825	0
6826	1
6827	2
6828	0
6829	0
6830	1
6831	4
6832	0
6833	1
6834	0
6835	0
6836	0
6837	0
6838	0
6839	1
6840	1
6841	1
6842	1
6843	3
6844	0
6845	0
6846	0
6847	0
6848	2
6849	1
6850	0
6851	1
6852	1
6853	0
6854	0
6855	1
6856	0
6857	0
6858	1
6859	0
6860	1
6861	0
6862	1
6863	0
6864	1
6865	1
6866	2
6867	0
6868	1
6869	2
6870	0
6871	0
6872	0
6873	0
6874	1
6875	1
6876	1
6877	0
6878	1
6879	1
6880	0
6881	1
6882	0
6883	3
6884	0
6885	0
6886	2
6887	1
6888	1
6889	0
6890	0
6891	2
6892	0
6893	1
6894	2
6895	2
6896	1
6897	0
6898	1
6899	2
6900	0
6901	1
6902	3
6903	1
6904	0
6905	0
6906	1
6907	1
6908	1
6909	1
6910	0
6911	0
6912	1
6913	3
6914	0
6915	1
6916	4
6917	0
6918	1
6919	1
6920	2
6921	4
6922	2
6923	1
6924	2
6925	1
6926	2
6927	0
6928	0
6929	0
6930	0
6931	1
6932	1
6933	1
6934	0
6935	0
6936	1
6937	0
6938	0
6939	2
6940	0
6941	0
6942	1
6943	1
6944	1
6945	0
6946	1
6947	2
6948	0
6949	0
6950	1
6951	3
6952	1
6953	0
6954	0
6955	0
6956	0
6957	1
6958	1
6959	1
6960	1
6961	1
6962	0
6963	0
6964	2
6965	1
6966	1
6967	2
6968	1
6969	2
6970	2
6971	0
6972	1
6973	0
6974	0
6975	1
6976	1
6977	0
6978	0
6979	0
6980	1
6981	1
6982	0
6983	1
6984	0
6985	0
6986	0
6987	1
6988	1
6989	1
6990	0
6991	0
6992	0
6993	2
6994	1
6995	0
6996	1
6997	0
6998	2
6999	1
7000	1
7001	1
7002	2
7003	0
7004	0
7005	1
7006	3
7007	0
7008	1
7009	0
7010	0
7011	2
7012	0
7013	0
7014	0
7015	1
7016	1
7017	1
7018	0
7019	0
7020	1
7021	0
7022	1
7023	0
7024	1
7025	0
7026	1
7027	2
7028	1
7029	2
7030	0
7031	2
7032	0
7033	0
7034	1
7035	0
7036	4
7037	0
7038	2
7039	0
7040	1
7041	0
7042	1
7043	4
7044	2
7045	1
7046	0
7047	0
7048	3
7049	0
7050	1
7051	2
7052	1
7053	1
7054	1
7055	0
7056	0
7057	0
7058	0
7059	1
7060	2
7061	1
7062	1
7063	0
7064	1
7065	1
7066	2
7067	1
7068	0
7069	2
7070	1
7071	1
7072	2
7073	0
7074	0
7075	0
7076	1
7077	1
7078	0
7079	1
7080	0
7081	0
7082	2
7083	1
7084	1
7085	1
7086	0
7087	0
7088	4
7089	1
7090	2
7091	0
7092	0
7093	0
7094	1
7095	1
7096	1
7097	0
7098	0
7099	0
7100	0
7101	1
7102	1
7103	1
7104	0
7105	0
7106	0
7107	2
7108	2
7109	2
7110	1
7111	0
7112	1
7113	0
7114	0
7115	1
7116	0
7117	2
7118	0
7119	0
7120	0
7121	0
7122	0
7123	2
7124	1
7125	1
7126	0
7127	0
7128	0
7129	0
7130	1
7131	3
7132	0
7133	3
7134	0
7135	2
7136	1
7137	2
7138	1
7139	0
7140	1
7141	1
7142	1
7143	1
7144	1
7145	0
7146	1
7147	0
7148	1
7149	2
7150	0
7151	0
7152	2
7153	1
7154	0
7155	0
7156	2
7157	0
7158	1
7159	1
7160	0
7161	0
7162	0
7163	2
7164	2
7165	0
7166	2
7167	0
7168	0
7169	1
7170	1
7171	1
7172	1
7173	1
7174	0
7175	1
7176	1
7177	0
7178	1
7179	1
7180	1
7181	1
7182	1
7183	1
7184	0
7185	2
7186	0
7187	1
7188	0
7189	0
7190	0
7191	0
7192	2
7193	1
7194	0
7195	3
7196	1
7197	1
7198	0
7199	0
7200	0
7201	0
7202	0
7203	0
7204	1
7205	2
7206	0
7207	1
7208	0
7209	1
7210	0
7211	1
7212	1
7213	1
7214	1
7215	0
7216	0
7217	0
7218	0
7219	0
7220	1
7221	2
7222	0
7223	0
7224	0
7225	1
7226	2
7227	0
7228	2
7229	1
7230	1
7231	3
7232	0
7233	1
7234	1
7235	1
7236	3
7237	1
7238	0
7239	0
7240	1
7241	0
7242	2
7243	0
7244	1
7245	0
7246	1
7247	0
7248	1
7249	0
7250	1
7251	0
7252	0
7253	1
7254	1
7255	1
7256	0
7257	0
7258	1
7259	1
7260	0
7261	0
7262	1
7263	0
7264	0
7265	1
7266	0
7267	1
7268	1
7269	0
7270	0
7271	2
7272	0
7273	0
7274	1
7275	1
7276	1
7277	0
7278	1
7279	0
7280	1
7281	0
7282	1
7283	0
7284	0
7285	1
7286	3
7287	1
7288	1
7289	1
7290	1
7291	0
7292	2
7293	1
7294	0
7295	0
7296	2
7297	2
7298	0
7299	0
7300	1
7301	1
7302	0
7303	0
7304	2
7305	1
7306	0
7307	0
7308	0
7309	1
7310	0
7311	1
7312	0
7313	0
7314	3
7315	1
7316	0
7317	0
7318	0
7319	0
7320	0
7321	0
7322	2
7323	0
7324	1
7325	0
7326	0
7327	0
7328	0
7329	0
7330	1
7331	0
7332	0
7333	0
7334	1
7335	1
7336	2
7337	0
7338	0
7339	2
7340	0
7341	0
7342	1
7343	0
7344	0
7345	1
7346	0
7347	0
7348	1
7349	1
7350	0
7351	0
7352	0
7353	1
7354	1
7355	0
7356	3
7357	0
7358	0
7359	0
7360	1
7361	1
7362	0
7363	2
7364	0
7365	0
7366	0
7367	0
7368	0
7369	1
7370	2
7371	0
7372	0
7373	1
7374	1
7375	1
7376	0
7377	0
7378	0
7379	2
7380	1
7381	1
7382	1
7383	0
7384	0
7385	2
7386	0
7387	0
7388	0
7389	2
7390	1
7391	1
7392	0
7393	1
7394	1
7395	1
7396	2
7397	2
7398	0
7399	0
7400	1
7401	0
7402	1
7403	0
7404	1
7405	1
7406	2
7407	1
7408	2
7409	0
7410	0
7411	1
7412	4
7413	0
7414	2
7415	0
7416	0
7417	0
7418	2
7419	1
7420	0
7421	2
7422	2
7423	0
7424	0
7425	0
7426	0
7427	0
7428	0
7429	1
7430	2
7431	0
7432	0
7433	1
7434	0
7435	0
7436	0
7437	0
7438	2
7439	1
7440	0
7441	0
7442	0
7443	0
7444	3
7445	1
7446	0
7447	0
7448	0
7449	0
7450	0
7451	0
7452	1
7453	0
7454	1
7455	1
7456	0
7457	2
7458	0
7459	1
7460	1
7461	2
7462	0
7463	1
7464	1
7465	0
7466	0
7467	0
7468	0
7469	2
7470	1
7471	1
7472	1
7473	1
7474	0
7475	0
7476	2
7477	1
7478	1
7479	0
7480	1
7481	0
7482	2
7483	1
7484	2
7485	1
7486	0
7487	2
7488	0
7489	2
7490	0
7491	0
7492	2
7493	1
7494	2
7495	1
7496	1
7497	0
7498	1
7499	0
7500	2
7501	2
7502	0
7503	0
7504	0
7505	2
7506	0
7507	0
7508	1
7509	0
7510	0
7511	1
7512	2
7513	1
7514	0
7515	1
7516	1
7517	1
7518	0
7519	0
7520	0
7521	0
7522	1
7523	0
7524	1
7525	0
7526	0
7527	0
7528	0
7529	1
7530	0
7531	0
7532	0
7533	0
7534	0
7535	0
7536	1
7537	1
7538	2
7539	2
7540	0
7541	0
7542	0
7543	1
7544	1
7545	1
7546	0
7547	0
7548	1
7549	0
7550	1
7551	0
7552	2
7553	1
7554	0
7555	0
7556	0
7557	0
7558	1
7559	0
7560	0
7561	1
7562	0
7563	0
7564	0
7565	1
7566	0
7567	0
7568	0
7569	1
7570	0
7571	1
7572	0
7573	0
7574	0
7575	0
7576	0
7577	0
7578	0
7579	1
7580	1
7581	0
7582	0
7583	2
7584	0
7585	1
7586	0
7587	0
7588	1
7589	0
7590	2
7591	2
7592	0
7593	0
7594	0
7595	1
7596	0
7597	2
7598	1
7599	1
7600	0
7601	2
7602	0
7603	0
7604	0
7605	0
7606	0
7607	0
7608	0
7609	0
7610	0
7611	0
7612	1
7613	0
7614	1
7615	0
7616	0
7617	1
7618	0
7619	1
7620	3
7621	0
7622	0
7623	2
7624	1
7625	0
7626	0
7627	0
7628	1
7629	0
7630	0
7631	2
7632	0
7633	2
7634	1
7635	1
7636	0
7637	1
7638	1
7639	1
7640	0
7641	0
7642	0
7643	0
7644	0
7645	0
7646	2
7647	0
7648	0
7649	0
7650	1
7651	0
7652	1
7653	3
7654	1
7655	1
7656	0
7657	2
7658	0
7659	0
7660	1
7661	0
7662	0
7663	0
7664	0
7665	0
7666	1
7667	1
7668	0
7669	0
7670	1
7671	0
7672	1
7673	0
7674	0
7675	0
7676	0
7677	0
7678	0
7679	1
7680	0
7681	0
7682	0
7683	1
7684	1
7685	2
7686	0
7687	0
7688	0
7689	0
7690	1
7691	0
7692	1
7693	0
7694	1
7695	0
7696	1
7697	0
7698	0
7699	2
7700	0
7701	0
7702	0
7703	0
7704	1
7705	0
7706	0
7707	0
7708	0
7709	1
7710	0
7711	1
7712	0
7713	0
7714	0
7715	0
7716	0
7717	0
7718	0
7719	0
7720	2
7721	0
7722	1
7723	0
7724	0
7725	1
7726	0
7727	1
7728	0
7729	0
7730	0
7731	2
7732	0
7733	0
7734	1
7735	0
7736	2
7737	2
7738	0
7739	0
7740	0
7741	0
7742	1
7743	0
7744	0
7745	0
7746	0
7747	0
7748	1
7749	0
7750	0
7751	0
7752	1
7753	1
7754	0
7755	2
7756	0
7757	1
7758	0
7759	0
7760	0
7761	1
7762	0
7763	0
7764	0
7765	1
7766	2
7767	0
7768	0
7769	0
7770	1
7771	1
7772	0
7773	1
7774	0
7775	1
7776	1
7777	0
7778	1
7779	0
7780	1
7781	0
7782	1
7783	1
7784	0
7785	0
7786	0
7787	0
7788	0
7789	0
7790	1
7791	0
7792	1
7793	2
7794	1
7795	1
7796	0
7797	1
7798	1
7799	0
7800	1
7801	1
7802	0
7803	1
7804	1
7805	0
7806	1
7807	1
7808	0
7809	1
7810	0
7811	0
7812	1
7813	1
7814	0
7815	0
7816	0
7817	0
7818	3
7819	0
7820	0
7821	0
7822	1
7823	0
7824	0
7825	1
7826	0
7827	0
7828	0
7829	0
7830	1
7831	0
7832	1
7833	0
7834	1
7835	0
7836	1
7837	0
7838	0
7839	0
7840	0
7841	1
7842	0
7843	0
7844	1
7845	0
7846	1
7847	1
7848	0
7849	0
7850	0
7851	1
7852	1
7853	0
7854	0
7855	1
7856	0
7857	0
7858	1
7859	0
7860	0
7861	1
7862	1
7863	1
7864	0
7865	2
7866	0
7867	1
7868	0
7869	0
7870	0
7871	0
7872	0
7873	0
7874	0
7875	0
7876	0
7877	1
7878	0
7879	0
7880	0
7881	0
7882	1
7883	1
7884	0
7885	1
7886	0
7887	0
7888	1
7889	0
7890	0
7891	1
7892	1
7893	1
7894	0
7895	1
7896	0
7897	0
7898	0
7899	1
7900	0
7901	0
7902	1
7903	0
7904	0
7905	1
7906	0
7907	0
7908	2
7909	1
7910	1
7911	2
7912	1
7913	0
7914	1
7915	0
7916	0
7917	0
7918	0
7919	0
7920	0
7921	0
7922	1
7923	0
7924	0
7925	0
7926	1
7927	2
7928	0
7929	0
7930	1
7931	1
7932	0
7933	0
7934	1
7935	0
7936	0
7937	0
7938	0
7939	0
7940	1
7941	1
7942	0
7943	2
7944	0
7945	1
7946	0
7947	0
7948	0
7949	1
7950	0
7951	1
7952	0
7953	0
7954	0
7955	0
7956	0
7957	0
7958	1
7959	0
7960	0
7961	0
7962	0
7963	0
7964	0
7965	0
7966	0
7967	0
7968	0
7969	1
7970	0
7971	0
7972	0
7973	0
7974	0
7975	1
7976	1
7977	1
7978	0
7979	0
7980	0
7981	0
7982	0
7983	0
7984	0
7985	0
7986	0
7987	0
7988	1
7989	0
7990	1
7991	0
7992	0
7993	0
7994	0
7995	0
7996	0
7997	1
7998	1
7999	2
8000	0
8001	0
8002	0
8003	1
8004	0
8005	0
8006	0
8007	2
8008	0
8009	0
8010	0
8011	0
8012	0
8013	0
8014	2
8015	0
8016	0
8017	0
8018	0
8019	0
8020	2
8021	0
8022	1
8023	0
8024	0
8025	0
8026	0
8027	1
8028	1
8029	0
8030	1
8031	0
8032	0
8033	1
8034	0
8035	0
8036	0
8037	0
8038	0
8039	0
8040	0
8041	1
8042	0
8043	0
8044	0
8045	0
8046	0
8047	1
8048	0
8049	0
8050	1
8051	0
8052	0
8053	0
8054	1
8055	0
8056	0
8057	2
8058	1
8059	0
8060	0
8061	0
8062	0
8063	0
8064	0
8065	1
8066	0
8067	0
8068	1
8069	0
8070	0
8071	1
8072	2
8073	0
8074	0
8075	1
8076	1
8077	0
8078	0
8079	0
8080	0
8081	1
8082	0
8083	1
8084	0
8085	0
8086	0
8087	0
8088	0
8089	0
8090	0
8091	0
8092	0
8093	0
8094	0
8095	1
8096	2
8097	1
8098	0
8099	2
8100	0
8101	0
8102	0
8103	0
8104	1
8105	0
8106	0
8107	0
8108	0
8109	0
8110	1
8111	0
8112	0
8113	0
8114	0
8115	0
8116	1
8117	0
8118	1
8119	0
8120	1
8121	1
8122	0
8123	0
8124	0
8125	1
8126	0
8127	0
8128	0
8129	0
8130	0
8131	2
8132	1
8133	1
8134	0
8135	0
8136	0
8137	1
8138	0
8139	1
8140	0
8141	1
8142	0
8143	0
8144	0
8145	2
8146	0
8147	0
8148	1
8149	0
8150	0
8151	0
8152	0
8153	0
8154	1
8155	0
8156	0
8157	0
8158	0
8159	0
8160	0
8161	1
8162	0
8163	0
8164	1
8165	0
8166	0
8167	0
8168	1
8169	0
8170	0
8171	0
8172	0
8173	0
8174	0
8175	0
8176	1
8177	0
8178	2
8179	0
8180	1
8181	0
8182	0
8183	2
8184	0
8185	0
8186	0
8187	0
8188	2
8189	0
8190	0
8191	1
8192	0
