1	0
2	0
3	0
4	0
5	0
6	0
7	0
8	0
9	0
10	0
11	0
12	0
13	0
14	0
15	2
16	39
17	394
18	453
19	468
20	503
21	448
22	436
23	450
24	490
25	476
26	436
27	445
28	420
29	449
30	406
31	421
32	385
33	364
34	428
35	412
36	415
37	434
38	409
39	450
40	421
41	407
42	374
43	422
44	440
45	415
46	411
47	436
48	418
49	449
50	441
51	442
52	420
53	438
54	455
55	467
56	501
57	454
58	479
59	490
60	501
61	551
62	550
63	559
64	584
65	578
66	545
67	615
68	615
69	618
70	631
71	684
72	621
73	709
74	682
75	688
76	741
77	748
78	743
79	820
80	744
81	692
82	707
83	708
84	753
85	699
86	745
87	746
88	786
89	787
90	841
91	766
92	757
93	789
94	750
95	784
96	777
97	778
98	769
99	793
100	723
101	764
102	765
103	808
104	714
105	707
106	766
107	764
108	686
109	771
110	711
111	734
112	733
113	694
114	769
115	740
116	746
117	761
118	751
119	744
120	783
121	732
122	676
123	716
124	714
125	731
126	694
127	662
128	710
129	661
130	707
131	682
132	705
133	683
134	695
135	672
136	635
137	585
138	626
139	641
140	637
141	655
142	652
143	616
144	628
145	618
146	591
147	584
148	595
149	601
150	548
151	591
152	672
153	616
154	580
155	590
156	587
157	600
158	604
159	570
160	596
161	540
162	548
163	520
164	571
165	559
166	543
167	559
168	566
169	545
170	562
171	530
172	504
173	547
174	501
175	494
176	480
177	499
178	515
179	518
180	507
181	517
182	452
183	474
184	450
185	499
186	474
187	512
188	505
189	503
190	508
191	437
192	461
193	477
194	492
195	442
196	436
197	465
198	451
199	459
200	452
201	471
202	415
203	438
204	444
205	448
206	430
207	412
208	416
209	405
210	417
211	466
212	409
213	393
214	394
215	410
216	380
217	368
218	399
219	384
220	386
221	375
222	381
223	351
224	388
225	380
226	341
227	352
228	365
229	353
230	350
231	350
232	362
233	361
234	344
235	331
236	318
237	338
238	328
239	352
240	325
241	327
242	337
243	459
244	648
245	497
246	356
247	388
248	316
249	286
250	273
251	264
252	289
253	282
254	274
255	273
256	250
257	232
258	265
259	230
260	241
261	276
262	259
263	234
264	236
265	251
266	257
267	223
268	212
269	225
270	253
271	256
272	207
273	252
274	206
275	239
276	263
277	257
278	207
279	206
280	210
281	206
282	223
283	207
284	246
285	222
286	204
287	200
288	235
289	225
290	221
291	200
292	190
293	197
294	219
295	211
296	208
297	179
298	207
299	215
300	205
301	240
302	322
303	217
304	222
305	183
306	188
307	222
308	195
309	166
310	152
311	189
312	176
313	180
314	173
315	168
316	178
317	174
318	154
319	153
320	137
321	163
322	144
323	138
324	145
325	171
326	167
327	160
328	163
329	159
330	151
331	164
332	180
333	146
334	176
335	165
336	196
337	170
338	161
339	154
340	150
341	145
342	148
343	138
344	137
345	172
346	218
347	156
348	166
349	129
350	118
351	144
352	116
353	139
354	128
355	144
356	112
357	139
358	152
359	240
360	305
361	222
362	138
363	133
364	130
365	129
366	123
367	123
368	103
369	108
370	114
371	106
372	120
373	117
374	112
375	96
376	125
377	103
378	126
379	112
380	127
381	115
382	124
383	119
384	121
385	111
386	118
387	107
388	127
389	105
390	104
391	119
392	126
393	107
394	115
395	115
396	112
397	127
398	125
399	109
400	126
401	109
402	87
403	100
404	123
405	87
406	104
407	91
408	120
409	105
410	110
411	94
412	116
413	118
414	103
415	106
416	100
417	120
418	119
419	118
420	93
421	108
422	112
423	93
424	119
425	109
426	101
427	115
428	98
429	104
430	107
431	109
432	110
433	91
434	103
435	123
436	111
437	116
438	105
439	114
440	102
441	102
442	97
443	112
444	104
445	90
446	109
447	87
448	97
449	109
450	88
451	86
452	111
453	88
454	103
455	101
456	95
457	106
458	99
459	110
460	111
461	107
462	97
463	98
464	102
465	99
466	87
467	101
468	104
469	99
470	88
471	88
472	133
473	140
474	121
475	100
476	96
477	113
478	95
479	115
480	113
481	86
482	100
483	89
484	106
485	100
486	81
487	94
488	94
489	84
490	76
491	78
492	77
493	81
494	85
495	68
496	82
497	94
498	61
499	67
500	58
501	87
502	83
503	75
504	73
505	106
506	75
507	72
508	69
509	68
510	64
511	85
512	75
513	61
514	93
515	63
516	75
517	74
518	63
519	53
520	88
521	110
522	174
523	150
524	91
525	73
526	74
527	48
528	63
529	64
530	73
531	69
532	78
533	64
534	59
535	68
536	60
537	73
538	66
539	69
540	52
541	54
542	74
543	55
544	65
545	76
546	64
547	61
548	66
549	64
550	54
551	69
552	43
553	45
554	67
555	55
556	57
557	68
558	51
559	57
560	61
561	55
562	55
563	39
564	58
565	59
566	62
567	70
568	54
569	49
570	50
571	52
572	46
573	55
574	47
575	56
576	55
577	54
578	46
579	42
580	54
581	49
582	54
583	67
584	49
585	66
586	55
587	51
588	46
589	44
590	50
591	52
592	39
593	46
594	64
595	92
596	239
597	192
598	77
599	56
600	51
601	43
602	36
603	47
604	58
605	48
606	39
607	46
608	61
609	54
610	40
611	43
612	36
613	53
614	42
615	52
616	31
617	47
618	48
619	37
620	44
621	52
622	132
623	279
624	148
625	49
626	37
627	48
628	40
629	38
630	46
631	38
632	46
633	42
634	40
635	51
636	55
637	45
638	42
639	35
640	47
641	41
642	43
643	53
644	33
645	36
646	53
647	45
648	40
649	41
650	44
651	53
652	48
653	30
654	36
655	31
656	40
657	55
658	37
659	44
660	43
661	40
662	43
663	49
664	46
665	44
666	45
667	46
668	36
669	51
670	31
671	36
672	39
673	35
674	61
675	378
676	1715
677	1696
678	435
679	66
680	53
681	34
682	47
683	41
684	49
685	37
686	33
687	45
688	29
689	38
690	43
691	40
692	35
693	35
694	35
695	32
696	35
697	38
698	32
699	42
700	32
701	39
702	46
703	33
704	44
705	47
706	34
707	27
708	39
709	32
710	25
711	29
712	25
713	39
714	37
715	42
716	44
717	29
718	43
719	45
720	31
721	36
722	30
723	32
724	45
725	27
726	35
727	43
728	24
729	34
730	32
731	28
732	35
733	37
734	38
735	32
736	41
737	33
738	27
739	31
740	32
741	31
742	38
743	58
744	48
745	45
746	29
747	42
748	37
749	24
750	29
751	38
752	37
753	24
754	37
755	18
756	22
757	36
758	30
759	29
760	35
761	37
762	19
763	37
764	30
765	25
766	26
767	28
768	30
769	21
770	32
771	31
772	36
773	30
774	29
775	26
776	25
777	23
778	38
779	31
780	35
781	41
782	32
783	32
784	34
785	42
786	55
787	33
788	38
789	36
790	37
791	27
792	22
793	27
794	26
795	25
796	28
797	26
798	22
799	37
800	36
801	28
802	29
803	48
804	29
805	39
806	25
807	34
808	26
809	16
810	22
811	35
812	57
813	40
814	48
815	24
816	30
817	23
818	25
819	25
820	18
821	26
822	29
823	32
824	23
825	43
826	25
827	18
828	23
829	28
830	25
831	31
832	22
833	24
834	22
835	31
836	27
837	26
838	28
839	22
840	19
841	26
842	14
843	28
844	22
845	32
846	26
847	28
848	34
849	33
850	20
851	16
852	32
853	31
854	37
855	34
856	27
857	27
858	29
859	30
860	20
861	28
862	32
863	26
864	22
865	22
866	18
867	20
868	21
869	32
870	24
871	19
872	30
873	33
874	27
875	15
876	34
877	24
878	26
879	39
880	48
881	38
882	21
883	30
884	28
885	20
886	26
887	27
888	31
889	19
890	20
891	25
892	20
893	21
894	31
895	29
896	19
897	22
898	24
899	16
900	20
901	31
902	16
903	31
904	27
905	27
906	30
907	30
908	23
909	24
910	18
911	24
912	27
913	20
914	21
915	25
916	21
917	21
918	17
919	27
920	23
921	14
922	34
923	24
924	24
925	25
926	22
927	19
928	22
929	34
930	41
931	131
932	185
933	75
934	34
935	12
936	17
937	25
938	21
939	25
940	27
941	21
942	19
943	21
944	23
945	18
946	20
947	23
948	13
949	27
950	19
951	24
952	22
953	23
954	27
955	37
956	28
957	21
958	20
959	23
960	21
961	24
962	22
963	22
964	14
965	19
966	23
967	20
968	14
969	22
970	22
971	17
972	24
973	19
974	18
975	34
976	17
977	21
978	19
979	21
980	24
981	30
982	18
983	24
984	21
985	28
986	40
987	50
988	34
989	31
990	86
991	112
992	52
993	19
994	12
995	33
996	21
997	15
998	23
999	17
1000	16
1001	17
1002	18
1003	22
1004	18
1005	21
1006	18
1007	15
1008	25
1009	21
1010	15
1011	16
1012	22
1013	21
1014	20
1015	14
1016	17
1017	15
1018	15
1019	30
1020	14
1021	32
1022	25
1023	16
1024	28
1025	19
1026	21
1027	23
1028	24
1029	28
1030	26
1031	20
1032	21
1033	14
1034	19
1035	20
1036	28
1037	20
1038	22
1039	17
1040	22
1041	19
1042	14
1043	21
1044	15
1045	25
1046	21
1047	22
1048	20
1049	13
1050	21
1051	19
1052	24
1053	22
1054	16
1055	21
1056	20
1057	27
1058	19
1059	15
1060	13
1061	15
1062	19
1063	12
1064	18
1065	13
1066	16
1067	16
1068	19
1069	18
1070	20
1071	21
1072	28
1073	18
1074	18
1075	24
1076	21
1077	16
1078	19
1079	16
1080	18
1081	21
1082	19
1083	20
1084	21
1085	16
1086	15
1087	16
1088	19
1089	18
1090	17
1091	17
1092	29
1093	18
1094	23
1095	22
1096	26
1097	19
1098	16
1099	20
1100	15
1101	16
1102	25
1103	28
1104	19
1105	22
1106	24
1107	20
1108	19
1109	17
1110	19
1111	14
1112	22
1113	26
1114	18
1115	11
1116	20
1117	27
1118	16
1119	16
1120	23
1121	20
1122	20
1123	20
1124	15
1125	13
1126	19
1127	15
1128	20
1129	13
1130	21
1131	17
1132	21
1133	23
1134	24
1135	14
1136	25
1137	17
1138	16
1139	17
1140	15
1141	21
1142	18
1143	29
1144	35
1145	78
1146	60
1147	44
1148	22
1149	15
1150	20
1151	18
1152	18
1153	21
1154	17
1155	24
1156	25
1157	19
1158	10
1159	20
1160	25
1161	14
1162	16
1163	16
1164	25
1165	22
1166	20
1167	25
1168	25
1169	19
1170	17
1171	29
1172	21
1173	17
1174	16
1175	20
1176	21
1177	20
1178	15
1179	19
1180	29
1181	23
1182	28
1183	23
1184	26
1185	11
1186	16
1187	20
1188	14
1189	13
1190	21
1191	19
1192	25
1193	23
1194	15
1195	20
1196	25
1197	21
1198	21
1199	17
1200	25
1201	17
1202	21
1203	19
1204	24
1205	21
1206	24
1207	22
1208	28
1209	21
1210	22
1211	32
1212	25
1213	17
1214	20
1215	13
1216	23
1217	14
1218	21
1219	23
1220	25
1221	17
1222	21
1223	19
1224	30
1225	24
1226	18
1227	18
1228	18
1229	25
1230	21
1231	16
1232	21
1233	22
1234	14
1235	17
1236	32
1237	13
1238	27
1239	14
1240	33
1241	20
1242	23
1243	17
1244	19
1245	24
1246	16
1247	16
1248	30
1249	24
1250	18
1251	23
1252	23
1253	19
1254	23
1255	18
1256	16
1257	17
1258	19
1259	14
1260	22
1261	29
1262	18
1263	18
1264	22
1265	33
1266	30
1267	34
1268	15
1269	13
1270	17
1271	24
1272	15
1273	20
1274	19
1275	24
1276	22
1277	21
1278	12
1279	15
1280	19
1281	16
1282	15
1283	19
1284	13
1285	14
1286	13
1287	19
1288	22
1289	9
1290	12
1291	9
1292	22
1293	11
1294	16
1295	14
1296	14
1297	11
1298	15
1299	15
1300	18
1301	21
1302	12
1303	20
1304	12
1305	13
1306	10
1307	14
1308	16
1309	13
1310	20
1311	9
1312	8
1313	12
1314	10
1315	15
1316	13
1317	11
1318	12
1319	11
1320	14
1321	14
1322	9
1323	15
1324	9
1325	20
1326	14
1327	12
1328	12
1329	8
1330	13
1331	13
1332	11
1333	14
1334	11
1335	11
1336	14
1337	7
1338	11
1339	13
1340	11
1341	9
1342	18
1343	14
1344	7
1345	9
1346	10
1347	14
1348	16
1349	15
1350	6
1351	11
1352	15
1353	11
1354	7
1355	12
1356	8
1357	17
1358	9
1359	10
1360	8
1361	8
1362	14
1363	9
1364	11
1365	13
1366	11
1367	11
1368	10
1369	7
1370	7
1371	6
1372	17
1373	6
1374	10
1375	4
1376	17
1377	6
1378	4
1379	8
1380	6
1381	7
1382	7
1383	6
1384	12
1385	8
1386	7
1387	11
1388	14
1389	11
1390	10
1391	8
1392	6
1393	9
1394	11
1395	2
1396	9
1397	8
1398	7
1399	9
1400	11
1401	7
1402	6
1403	4
1404	7
1405	4
1406	2
1407	11
1408	26
1409	24
1410	12
1411	6
1412	12
1413	8
1414	10
1415	3
1416	8
1417	8
1418	9
1419	1
1420	11
1421	9
1422	7
1423	11
1424	4
1425	7
1426	5
1427	9
1428	9
1429	7
1430	9
1431	6
1432	10
1433	11
1434	17
1435	6
1436	5
1437	12
1438	6
1439	18
1440	8
1441	8
1442	9
1443	7
1444	9
1445	11
1446	12
1447	9
1448	5
1449	7
1450	8
1451	11
1452	3
1453	11
1454	7
1455	6
1456	12
1457	5
1458	6
1459	11
1460	6
1461	3
1462	12
1463	6
1464	5
1465	14
1466	13
1467	6
1468	9
1469	7
1470	6
1471	7
1472	10
1473	10
1474	5
1475	10
1476	5
1477	6
1478	13
1479	8
1480	7
1481	7
1482	9
1483	5
1484	5
1485	3
1486	7
1487	9
1488	7
1489	7
1490	16
1491	48
1492	208
1493	536
1494	610
1495	265
1496	55
1497	5
1498	6
1499	2
1500	6
1501	6
1502	5
1503	3
1504	3
1505	1
1506	3
1507	4
1508	2
1509	5
1510	2
1511	6
1512	4
1513	5
1514	2
1515	6
1516	6
1517	4
1518	2
1519	6
1520	3
1521	2
1522	5
1523	8
1524	2
1525	5
1526	4
1527	1
1528	5
1529	5
1530	6
1531	5
1532	6
1533	6
1534	7
1535	5
1536	4
1537	2
1538	6
1539	7
1540	2
1541	2
1542	7
1543	11
1544	6
1545	3
1546	3
1547	6
1548	4
1549	5
1550	6
1551	4
1552	4
1553	3
1554	9
1555	2
1556	6
1557	6
1558	5
1559	0
1560	2
1561	2
1562	5
1563	2
1564	8
1565	3
1566	5
1567	2
1568	9
1569	1
1570	5
1571	2
1572	5
1573	4
1574	1
1575	4
1576	4
1577	3
1578	2
1579	5
1580	4
1581	1
1582	4
1583	3
1584	2
1585	10
1586	5
1587	4
1588	5
1589	4
1590	4
1591	3
1592	3
1593	2
1594	4
1595	2
1596	2
1597	1
1598	4
1599	1
1600	4
1601	7
1602	4
1603	5
1604	2
1605	7
1606	1
1607	3
1608	2
1609	3
1610	3
1611	3
1612	2
1613	1
1614	4
1615	2
1616	8
1617	6
1618	6
1619	4
1620	6
1621	2
1622	8
1623	12
1624	17
1625	11
1626	8
1627	5
1628	13
1629	16
1630	4
1631	3
1632	4
1633	4
1634	3
1635	8
1636	9
1637	3
1638	1
1639	3
1640	3
1641	5
1642	1
1643	1
1644	4
1645	4
1646	0
1647	2
1648	2
1649	2
1650	6
1651	3
1652	3
1653	3
1654	2
1655	3
1656	9
1657	9
1658	7
1659	4
1660	3
1661	2
1662	4
1663	5
1664	5
1665	4
1666	5
1667	9
1668	8
1669	2
1670	5
1671	3
1672	1
1673	1
1674	3
1675	5
1676	9
1677	6
1678	1
1679	2
1680	1
1681	2
1682	2
1683	4
1684	1
1685	4
1686	5
1687	4
1688	6
1689	2
1690	2
1691	4
1692	6
1693	1
1694	2
1695	4
1696	2
1697	4
1698	4
1699	12
1700	1
1701	4
1702	2
1703	4
1704	6
1705	4
1706	3
1707	4
1708	1
1709	6
1710	4
1711	4
1712	5
1713	1
1714	1
1715	5
1716	1
1717	3
1718	7
1719	2
1720	1
1721	2
1722	4
1723	4
1724	2
1725	2
1726	2
1727	0
1728	4
1729	3
1730	1
1731	4
1732	3
1733	1
1734	2
1735	1
1736	3
1737	5
1738	4
1739	4
1740	4
1741	4
1742	3
1743	1
1744	4
1745	4
1746	1
1747	1
1748	1
1749	2
1750	4
1751	3
1752	0
1753	2
1754	3
1755	5
1756	1
1757	1
1758	0
1759	2
1760	4
1761	0
1762	1
1763	2
1764	2
1765	5
1766	2
1767	7
1768	7
1769	11
1770	4
1771	3
1772	4
1773	2
1774	1
1775	2
1776	2
1777	0
1778	3
1779	5
1780	3
1781	5
1782	6
1783	1
1784	4
1785	5
1786	5
1787	2
1788	1
1789	3
1790	1
1791	4
1792	3
1793	1
1794	3
1795	3
1796	3
1797	3
1798	1
1799	3
1800	3
1801	1
1802	5
1803	30
1804	40
1805	24
1806	11
1807	1
1808	3
1809	1
1810	3
1811	3
1812	3
1813	4
1814	2
1815	2
1816	3
1817	3
1818	4
1819	5
1820	2
1821	5
1822	1
1823	1
1824	5
1825	1
1826	1
1827	0
1828	1
1829	0
1830	0
1831	4
1832	2
1833	1
1834	2
1835	2
1836	4
1837	5
1838	3
1839	0
1840	3
1841	3
1842	1
1843	5
1844	6
1845	3
1846	1
1847	5
1848	2
1849	1
1850	3
1851	2
1852	1
1853	2
1854	2
1855	1
1856	2
1857	1
1858	1
1859	5
1860	8
1861	0
1862	5
1863	6
1864	3
1865	5
1866	3
1867	5
1868	5
1869	4
1870	2
1871	4
1872	3
1873	2
1874	0
1875	1
1876	1
1877	3
1878	6
1879	1
1880	7
1881	3
1882	4
1883	4
1884	2
1885	5
1886	2
1887	1
1888	9
1889	2
1890	3
1891	0
1892	6
1893	4
1894	1
1895	3
1896	4
1897	3
1898	5
1899	1
1900	4
1901	2
1902	1
1903	6
1904	5
1905	3
1906	0
1907	1
1908	2
1909	3
1910	0
1911	2
1912	5
1913	7
1914	1
1915	4
1916	4
1917	5
1918	5
1919	3
1920	2
1921	5
1922	3
1923	1
1924	1
1925	1
1926	1
1927	5
1928	5
1929	3
1930	2
1931	5
1932	1
1933	1
1934	3
1935	2
1936	1
1937	3
1938	9
1939	7
1940	5
1941	4
1942	2
1943	3
1944	0
1945	4
1946	2
1947	4
1948	2
1949	1
1950	2
1951	1
1952	6
1953	2
1954	3
1955	2
1956	1
1957	2
1958	2
1959	3
1960	1
1961	2
1962	6
1963	1
1964	6
1965	4
1966	2
1967	8
1968	3
1969	4
1970	5
1971	4
1972	3
1973	4
1974	2
1975	2
1976	4
1977	5
1978	3
1979	2
1980	3
1981	4
1982	1
1983	0
1984	2
1985	4
1986	2
1987	3
1988	2
1989	2
1990	5
1991	3
1992	0
1993	1
1994	2
1995	2
1996	2
1997	5
1998	2
1999	3
2000	6
2001	2
2002	1
2003	3
2004	0
2005	1
2006	1
2007	0
2008	3
2009	2
2010	4
2011	3
2012	1
2013	1
2014	2
2015	1
2016	2
2017	3
2018	1
2019	2
2020	3
2021	3
2022	6
2023	3
2024	3
2025	5
2026	0
2027	3
2028	2
2029	0
2030	2
2031	2
2032	2
2033	3
2034	4
2035	5
2036	2
2037	3
2038	5
2039	1
2040	2
2041	1
2042	4
2043	3
2044	2
2045	1
2046	2
2047	5
2048	3
2049	2
2050	4
2051	1
2052	4
2053	1
2054	1
2055	4
2056	1
2057	0
2058	1
2059	1
2060	5
2061	3
2062	2
2063	0
2064	3
2065	4
2066	0
2067	3
2068	0
2069	3
2070	3
2071	2
2072	1
2073	2
2074	4
2075	1
2076	1
2077	3
2078	3
2079	3
2080	3
2081	4
2082	3
2083	2
2084	2
2085	0
2086	2
2087	4
2088	0
2089	3
2090	0
2091	3
2092	2
2093	3
2094	1
2095	3
2096	4
2097	3
2098	3
2099	3
2100	0
2101	2
2102	3
2103	1
2104	1
2105	2
2106	1
2107	1
2108	2
2109	0
2110	3
2111	1
2112	0
2113	2
2114	3
2115	5
2116	1
2117	2
2118	3
2119	1
2120	1
2121	1
2122	4
2123	4
2124	3
2125	4
2126	1
2127	3
2128	2
2129	1
2130	3
2131	1
2132	0
2133	3
2134	5
2135	3
2136	2
2137	0
2138	4
2139	1
2140	5
2141	4
2142	4
2143	2
2144	5
2145	0
2146	2
2147	5
2148	7
2149	8
2150	13
2151	7
2152	14
2153	9
2154	3
2155	2
2156	1
2157	2
2158	1
2159	1
2160	1
2161	1
2162	3
2163	2
2164	0
2165	2
2166	4
2167	5
2168	4
2169	2
2170	1
2171	1
2172	1
2173	3
2174	3
2175	3
2176	3
2177	1
2178	0
2179	0
2180	2
2181	2
2182	4
2183	4
2184	5
2185	2
2186	3
2187	4
2188	2
2189	2
2190	3
2191	3
2192	4
2193	1
2194	3
2195	0
2196	3
2197	3
2198	4
2199	5
2200	5
2201	3
2202	6
2203	4
2204	4
2205	1
2206	4
2207	4
2208	2
2209	3
2210	6
2211	6
2212	1
2213	2
2214	3
2215	1
2216	5
2217	2
2218	1
2219	3
2220	3
2221	4
2222	0
2223	3
2224	3
2225	1
2226	1
2227	0
2228	1
2229	4
2230	2
2231	2
2232	1
2233	0
2234	3
2235	1
2236	2
2237	0
2238	4
2239	5
2240	9
2241	3
2242	3
2243	3
2244	3
2245	1
2246	3
2247	3
2248	3
2249	1
2250	7
2251	4
2252	3
2253	8
2254	15
2255	12
2256	6
2257	1
2258	3
2259	2
2260	2
2261	3
2262	1
2263	1
2264	5
2265	4
2266	5
2267	2
2268	2
2269	0
2270	5
2271	1
2272	2
2273	2
2274	3
2275	3
2276	2
2277	5
2278	3
2279	2
2280	1
2281	1
2282	4
2283	3
2284	3
2285	4
2286	3
2287	2
2288	1
2289	1
2290	3
2291	1
2292	2
2293	1
2294	3
2295	2
2296	2
2297	4
2298	1
2299	3
2300	4
2301	3
2302	2
2303	4
2304	1
2305	0
2306	3
2307	6
2308	5
2309	4
2310	5
2311	1
2312	2
2313	6
2314	3
2315	4
2316	3
2317	5
2318	3
2319	2
2320	1
2321	1
2322	4
2323	3
2324	2
2325	5
2326	4
2327	1
2328	3
2329	2
2330	3
2331	5
2332	0
2333	2
2334	1
2335	1
2336	2
2337	3
2338	3
2339	0
2340	0
2341	1
2342	5
2343	6
2344	5
2345	3
2346	5
2347	2
2348	2
2349	2
2350	1
2351	3
2352	1
2353	2
2354	2
2355	2
2356	5
2357	5
2358	5
2359	4
2360	3
2361	2
2362	1
2363	5
2364	2
2365	5
2366	2
2367	4
2368	4
2369	2
2370	2
2371	3
2372	5
2373	5
2374	4
2375	1
2376	8
2377	1
2378	3
2379	1
2380	3
2381	3
2382	2
2383	2
2384	3
2385	3
2386	4
2387	1
2388	5
2389	6
2390	2
2391	1
2392	4
2393	2
2394	2
2395	5
2396	0
2397	2
2398	5
2399	2
2400	3
2401	0
2402	5
2403	1
2404	2
2405	2
2406	3
2407	5
2408	6
2409	5
2410	3
2411	4
2412	2
2413	1
2414	0
2415	7
2416	4
2417	3
2418	4
2419	2
2420	5
2421	5
2422	3
2423	1
2424	5
2425	4
2426	5
2427	2
2428	4
2429	3
2430	3
2431	3
2432	2
2433	2
2434	2
2435	3
2436	2
2437	3
2438	4
2439	0
2440	2
2441	3
2442	0
2443	1
2444	2
2445	1
2446	1
2447	4
2448	1
2449	1
2450	3
2451	1
2452	3
2453	0
2454	1
2455	5
2456	3
2457	1
2458	6
2459	3
2460	0
2461	0
2462	3
2463	3
2464	1
2465	2
2466	0
2467	3
2468	2
2469	4
2470	1
2471	2
2472	0
2473	2
2474	2
2475	3
2476	3
2477	3
2478	1
2479	0
2480	4
2481	1
2482	3
2483	0
2484	0
2485	2
2486	2
2487	4
2488	2
2489	1
2490	2
2491	1
2492	3
2493	2
2494	2
2495	3
2496	0
2497	0
2498	1
2499	2
2500	1
2501	3
2502	5
2503	5
2504	3
2505	3
2506	1
2507	0
2508	0
2509	1
2510	2
2511	3
2512	7
2513	0
2514	0
2515	1
2516	0
2517	2
2518	1
2519	1
2520	1
2521	2
2522	1
2523	0
2524	2
2525	0
2526	2
2527	0
2528	0
2529	2
2530	1
2531	0
2532	0
2533	1
2534	1
2535	1
2536	2
2537	2
2538	0
2539	0
2540	0
2541	2
2542	0
2543	0
2544	1
2545	0
2546	1
2547	1
2548	1
2549	1
2550	2
2551	0
2552	0
2553	1
2554	2
2555	2
2556	0
2557	0
2558	0
2559	2
2560	1
2561	1
2562	0
2563	1
2564	1
2565	1
2566	1
2567	3
2568	0
2569	1
2570	1
2571	1
2572	2
2573	0
2574	1
2575	3
2576	1
2577	0
2578	0
2579	0
2580	1
2581	0
2582	0
2583	1
2584	1
2585	0
2586	2
2587	0
2588	0
2589	0
2590	0
2591	0
2592	0
2593	0
2594	1
2595	0
2596	2
2597	1
2598	1
2599	0
2600	3
2601	0
2602	0
2603	0
2604	0
2605	0
2606	1
2607	0
2608	0
2609	1
2610	0
2611	2
2612	1
2613	2
2614	0
2615	1
2616	1
2617	0
2618	0
2619	0
2620	0
2621	0
2622	0
2623	1
2624	1
2625	1
2626	0
2627	0
2628	0
2629	1
2630	0
2631	1
2632	1
2633	1
2634	0
2635	1
2636	0
2637	0
2638	1
2639	0
2640	1
2641	0
2642	0
2643	1
2644	1
2645	0
2646	1
2647	0
2648	2
2649	0
2650	0
2651	1
2652	0
2653	0
2654	2
2655	0
2656	0
2657	0
2658	1
2659	1
2660	0
2661	0
2662	0
2663	0
2664	0
2665	1
2666	1
2667	0
2668	0
2669	0
2670	1
2671	26
2672	84
2673	115
2674	115
2675	46
2676	7
2677	1
2678	1
2679	0
2680	0
2681	0
2682	0
2683	0
2684	0
2685	1
2686	0
2687	0
2688	0
2689	0
2690	1
2691	0
2692	0
2693	0
2694	0
2695	0
2696	0
2697	0
2698	0
2699	0
2700	0
2701	0
2702	0
2703	0
2704	0
2705	0
2706	0
2707	0
2708	0
2709	0
2710	0
2711	0
2712	0
2713	1
2714	0
2715	1
2716	0
2717	0
2718	0
2719	0
2720	0
2721	0
2722	0
2723	0
2724	0
2725	0
2726	0
2727	1
2728	0
2729	0
2730	0
2731	0
2732	0
2733	0
2734	1
2735	0
2736	0
2737	0
2738	0
2739	0
2740	0
2741	0
2742	0
2743	0
2744	0
2745	0
2746	0
2747	0
2748	0
2749	0
2750	0
2751	0
2752	0
2753	0
2754	0
2755	0
2756	0
2757	1
2758	0
2759	0
2760	0
2761	0
2762	0
2763	0
2764	0
2765	0
2766	0
2767	0
2768	0
2769	0
2770	1
2771	0
2772	0
2773	0
2774	0
2775	0
2776	0
2777	0
2778	0
2779	0
2780	0
2781	0
2782	0
2783	0
2784	0
2785	0
2786	0
2787	0
2788	0
2789	0
2790	0
2791	0
2792	0
2793	0
2794	0
2795	0
2796	0
2797	0
2798	0
2799	0
2800	0
2801	0
2802	0
2803	0
2804	0
2805	0
2806	0
2807	0
2808	0
2809	0
2810	0
2811	0
2812	1
2813	0
2814	0
2815	0
2816	0
2817	0
2818	0
2819	0
2820	0
2821	0
2822	1
2823	0
2824	0
2825	0
2826	0
2827	0
2828	0
2829	0
2830	0
2831	0
2832	0
2833	0
2834	0
2835	0
2836	0
2837	0
2838	0
2839	0
2840	0
2841	2
2842	0
2843	0
2844	0
2845	0
2846	0
2847	0
2848	0
2849	0
2850	0
2851	1
2852	0
2853	0
2854	1
2855	0
2856	0
2857	0
2858	0
2859	0
2860	0
2861	0
2862	0
2863	0
2864	0
2865	0
2866	0
2867	0
2868	0
2869	0
2870	0
2871	0
2872	0
2873	0
2874	0
2875	2
2876	0
2877	0
2878	0
2879	0
2880	0
2881	0
2882	0
2883	0
2884	0
2885	0
2886	0
2887	0
2888	1
2889	0
2890	0
2891	0
2892	0
2893	0
2894	0
2895	0
2896	0
2897	1
2898	1
2899	0
2900	0
2901	0
2902	0
2903	0
2904	0
2905	0
2906	0
2907	0
2908	0
2909	0
2910	1
2911	0
2912	0
2913	0
2914	0
2915	0
2916	0
2917	0
2918	0
2919	0
2920	0
2921	0
2922	0
2923	0
2924	0
2925	0
2926	0
2927	0
2928	0
2929	0
2930	0
2931	1
2932	0
2933	0
2934	0
2935	0
2936	0
2937	0
2938	0
2939	0
2940	0
2941	0
2942	0
2943	0
2944	0
2945	0
2946	0
2947	0
2948	0
2949	0
2950	0
2951	0
2952	0
2953	0
2954	0
2955	0
2956	0
2957	1
2958	0
2959	0
2960	0
2961	0
2962	0
2963	0
2964	0
2965	0
2966	0
2967	1
2968	0
2969	0
2970	0
2971	0
2972	0
2973	1
2974	0
2975	0
2976	0
2977	0
2978	0
2979	0
2980	0
2981	0
2982	0
2983	0
2984	0
2985	0
2986	0
2987	0
2988	1
2989	0
2990	0
2991	0
2992	0
2993	0
2994	0
2995	0
2996	0
2997	0
2998	0
2999	0
3000	0
3001	1
3002	0
3003	0
3004	0
3005	0
3006	0
3007	0
3008	0
3009	0
3010	0
3011	0
3012	0
3013	0
3014	0
3015	0
3016	0
3017	0
3018	0
3019	0
3020	0
3021	0
3022	0
3023	0
3024	0
3025	1
3026	0
3027	0
3028	0
3029	0
3030	0
3031	0
3032	0
3033	0
3034	1
3035	0
3036	0
3037	0
3038	0
3039	0
3040	0
3041	0
3042	0
3043	0
3044	0
3045	0
3046	0
3047	0
3048	0
3049	0
3050	0
3051	0
3052	0
3053	0
3054	0
3055	0
3056	0
3057	0
3058	0
3059	0
3060	0
3061	0
3062	0
3063	0
3064	0
3065	0
3066	0
3067	1
3068	0
3069	0
3070	0
3071	0
3072	0
3073	0
3074	0
3075	0
3076	0
3077	0
3078	0
3079	0
3080	0
3081	0
3082	0
3083	1
3084	0
3085	0
3086	0
3087	0
3088	0
3089	0
3090	1
3091	1
3092	0
3093	0
3094	0
3095	0
3096	0
3097	1
3098	0
3099	0
3100	0
3101	0
3102	0
3103	0
3104	0
3105	0
3106	0
3107	1
3108	0
3109	0
3110	0
3111	0
3112	0
3113	0
3114	0
3115	0
3116	0
3117	0
3118	0
3119	0
3120	0
3121	1
3122	0
3123	0
3124	1
3125	0
3126	0
3127	0
3128	0
3129	0
3130	0
3131	0
3132	1
3133	0
3134	0
3135	0
3136	0
3137	1
3138	0
3139	1
3140	0
3141	0
3142	0
3143	0
3144	0
3145	0
3146	0
3147	0
3148	0
3149	0
3150	0
3151	0
3152	0
3153	0
3154	0
3155	0
3156	0
3157	0
3158	0
3159	0
3160	1
3161	0
3162	0
3163	0
3164	0
3165	0
3166	0
3167	0
3168	0
3169	0
3170	0
3171	0
3172	0
3173	0
3174	0
3175	0
3176	0
3177	0
3178	0
3179	0
3180	0
3181	0
3182	0
3183	0
3184	0
3185	0
3186	0
3187	0
3188	0
3189	0
3190	0
3191	0
3192	0
3193	0
3194	0
3195	0
3196	0
3197	0
3198	0
3199	0
3200	1
3201	0
3202	0
3203	0
3204	0
3205	0
3206	0
3207	0
3208	0
3209	0
3210	1
3211	0
3212	0
3213	0
3214	0
3215	0
3216	0
3217	0
3218	0
3219	0
3220	0
3221	0
3222	0
3223	1
3224	0
3225	0
3226	0
3227	0
3228	0
3229	0
3230	0
3231	0
3232	1
3233	0
3234	0
3235	0
3236	0
3237	0
3238	0
3239	0
3240	0
3241	0
3242	0
3243	1
3244	0
3245	0
3246	0
3247	0
3248	0
3249	0
3250	0
3251	0
3252	0
3253	1
3254	1
3255	0
3256	0
3257	0
3258	0
3259	0
3260	0
3261	0
3262	0
3263	0
3264	0
3265	0
3266	0
3267	0
3268	0
3269	0
3270	0
3271	1
3272	0
3273	0
3274	0
3275	0
3276	0
3277	1
3278	1
3279	0
3280	0
3281	0
3282	0
3283	0
3284	0
3285	1
3286	1
3287	0
3288	0
3289	0
3290	0
3291	0
3292	0
3293	0
3294	0
3295	0
3296	0
3297	0
3298	0
3299	0
3300	0
3301	1
3302	0
3303	0
3304	0
3305	0
3306	0
3307	0
3308	1
3309	0
3310	0
3311	1
3312	0
3313	1
3314	0
3315	0
3316	0
3317	0
3318	0
3319	0
3320	0
3321	0
3322	0
3323	0
3324	0
3325	0
3326	0
3327	0
3328	0
3329	0
3330	0
3331	0
3332	0
3333	0
3334	0
3335	0
3336	0
3337	0
3338	0
3339	0
3340	0
3341	0
3342	0
3343	0
3344	0
3345	0
3346	0
3347	0
3348	0
3349	0
3350	0
3351	0
3352	0
3353	0
3354	0
3355	0
3356	0
3357	0
3358	0
3359	0
3360	0
3361	0
3362	0
3363	0
3364	0
3365	0
3366	0
3367	0
3368	0
3369	0
3370	0
3371	0
3372	0
3373	0
3374	0
3375	0
3376	0
3377	0
3378	0
3379	0
3380	0
3381	1
3382	0
3383	0
3384	0
3385	0
3386	0
3387	0
3388	0
3389	0
3390	0
3391	1
3392	0
3393	0
3394	0
3395	0
3396	0
3397	0
3398	0
3399	0
3400	0
3401	0
3402	0
3403	0
3404	0
3405	0
3406	0
3407	0
3408	0
3409	0
3410	0
3411	0
3412	0
3413	0
3414	0
3415	0
3416	0
3417	0
3418	0
3419	0
3420	0
3421	0
3422	0
3423	0
3424	0
3425	0
3426	0
3427	0
3428	0
3429	0
3430	0
3431	0
3432	0
3433	0
3434	1
3435	0
3436	0
3437	0
3438	0
3439	0
3440	0
3441	0
3442	0
3443	1
3444	0
3445	0
3446	0
3447	0
3448	0
3449	1
3450	0
3451	0
3452	0
3453	0
3454	0
3455	0
3456	0
3457	0
3458	0
3459	0
3460	1
3461	0
3462	0
3463	1
3464	0
3465	0
3466	0
3467	0
3468	0
3469	0
3470	0
3471	0
3472	0
3473	0
3474	0
3475	0
3476	0
3477	0
3478	0
3479	0
3480	0
3481	0
3482	1
3483	0
3484	0
3485	0
3486	0
3487	0
3488	0
3489	0
3490	0
3491	0
3492	0
3493	0
3494	0
3495	0
3496	0
3497	0
3498	0
3499	1
3500	0
3501	0
3502	0
3503	0
3504	0
3505	0
3506	0
3507	0
3508	0
3509	1
3510	0
3511	0
3512	0
3513	0
3514	0
3515	0
3516	1
3517	1
3518	0
3519	0
3520	0
3521	0
3522	0
3523	0
3524	0
3525	0
3526	0
3527	0
3528	0
3529	0
3530	0
3531	0
3532	0
3533	0
3534	0
3535	0
3536	0
3537	0
3538	0
3539	0
3540	0
3541	0
3542	0
3543	0
3544	0
3545	0
3546	0
3547	0
3548	0
3549	0
3550	0
3551	0
3552	0
3553	0
3554	0
3555	0
3556	0
3557	0
3558	0
3559	0
3560	0
3561	0
3562	0
3563	0
3564	0
3565	0
3566	0
3567	0
3568	0
3569	0
3570	0
3571	0
3572	0
3573	0
3574	0
3575	0
3576	0
3577	0
3578	0
3579	0
3580	0
3581	0
3582	0
3583	0
3584	0
3585	1
3586	0
3587	0
3588	0
3589	0
3590	0
3591	0
3592	0
3593	0
3594	0
3595	0
3596	0
3597	0
3598	0
3599	0
3600	0
3601	0
3602	0
3603	0
3604	0
3605	0
3606	0
3607	0
3608	0
3609	0
3610	0
3611	0
3612	0
3613	0
3614	0
3615	0
3616	1
3617	0
3618	0
3619	0
3620	0
3621	0
3622	0
3623	0
3624	0
3625	0
3626	0
3627	0
3628	0
3629	0
3630	0
3631	1
3632	0
3633	0
3634	0
3635	0
3636	0
3637	0
3638	0
3639	0
3640	0
3641	0
3642	0
3643	0
3644	0
3645	0
3646	0
3647	0
3648	0
3649	0
3650	0
3651	0
3652	0
3653	0
3654	0
3655	0
3656	0
3657	0
3658	0
3659	0
3660	0
3661	0
3662	0
3663	0
3664	1
3665	0
3666	0
3667	0
3668	0
3669	0
3670	0
3671	1
3672	0
3673	0
3674	0
3675	0
3676	0
3677	0
3678	0
3679	0
3680	0
3681	1
3682	0
3683	0
3684	0
3685	0
3686	0
3687	0
3688	0
3689	0
3690	0
3691	0
3692	0
3693	0
3694	0
3695	0
3696	0
3697	0
3698	0
3699	0
3700	0
3701	0
3702	0
3703	0
3704	0
3705	0
3706	0
3707	0
3708	0
3709	0
3710	0
3711	0
3712	0
3713	1
3714	0
3715	0
3716	0
3717	0
3718	0
3719	0
3720	0
3721	0
3722	0
3723	0
3724	0
3725	0
3726	0
3727	0
3728	0
3729	0
3730	0
3731	1
3732	0
3733	0
3734	0
3735	0
3736	0
3737	0
3738	0
3739	0
3740	0
3741	0
3742	0
3743	0
3744	0
3745	0
3746	0
3747	0
3748	0
3749	0
3750	0
3751	1
3752	0
3753	0
3754	0
3755	0
3756	0
3757	0
3758	0
3759	0
3760	0
3761	0
3762	0
3763	0
3764	0
3765	0
3766	0
3767	0
3768	0
3769	0
3770	0
3771	0
3772	0
3773	0
3774	0
3775	0
3776	0
3777	0
3778	0
3779	0
3780	0
3781	1
3782	0
3783	0
3784	0
3785	0
3786	0
3787	0
3788	0
3789	0
3790	0
3791	0
3792	0
3793	0
3794	1
3795	0
3796	0
3797	0
3798	0
3799	0
3800	0
3801	0
3802	0
3803	0
3804	0
3805	0
3806	0
3807	0
3808	0
3809	0
3810	0
3811	0
3812	0
3813	0
3814	0
3815	0
3816	0
3817	0
3818	0
3819	0
3820	0
3821	0
3822	0
3823	0
3824	0
3825	0
3826	0
3827	0
3828	0
3829	0
3830	0
3831	0
3832	0
3833	0
3834	0
3835	0
3836	0
3837	0
3838	0
3839	0
3840	0
3841	1
3842	0
3843	0
3844	0
3845	0
3846	0
3847	0
3848	0
3849	0
3850	0
3851	0
3852	1
3853	0
3854	0
3855	0
3856	0
3857	1
3858	0
3859	0
3860	0
3861	0
3862	0
3863	0
3864	0
3865	0
3866	0
3867	0
3868	0
3869	0
3870	0
3871	0
3872	1
3873	0
3874	0
3875	0
3876	0
3877	0
3878	0
3879	0
3880	1
3881	0
3882	0
3883	0
3884	0
3885	0
3886	0
3887	0
3888	0
3889	0
3890	0
3891	0
3892	1
3893	1
3894	0
3895	0
3896	0
3897	0
3898	0
3899	0
3900	0
3901	0
3902	0
3903	0
3904	0
3905	0
3906	0
3907	0
3908	1
3909	0
3910	0
3911	0
3912	0
3913	0
3914	0
3915	1
3916	0
3917	0
3918	0
3919	0
3920	0
3921	0
3922	0
3923	0
3924	0
3925	0
3926	0
3927	0
3928	0
3929	0
3930	0
3931	0
3932	0
3933	0
3934	0
3935	0
3936	1
3937	0
3938	1
3939	0
3940	0
3941	0
3942	0
3943	0
3944	0
3945	0
3946	0
3947	0
3948	0
3949	0
3950	0
3951	0
3952	0
3953	0
3954	0
3955	0
3956	0
3957	0
3958	0
3959	0
3960	0
3961	0
3962	0
3963	0
3964	0
3965	0
3966	1
3967	0
3968	0
3969	0
3970	0
3971	0
3972	0
3973	0
3974	0
3975	0
3976	0
3977	0
3978	1
3979	0
3980	0
3981	0
3982	0
3983	0
3984	0
3985	0
3986	1
3987	0
3988	0
3989	0
3990	1
3991	0
3992	0
3993	0
3994	0
3995	0
3996	0
3997	0
3998	0
3999	0
4000	0
4001	1
4002	0
4003	0
4004	0
4005	0
4006	0
4007	0
4008	1
4009	0
4010	0
4011	0
4012	0
4013	1
4014	0
4015	0
4016	0
4017	0
4018	0
4019	0
4020	0
4021	0
4022	0
4023	0
4024	0
4025	0
4026	0
4027	0
4028	0
4029	0
4030	0
4031	0
4032	0
4033	1
4034	1
4035	0
4036	0
4037	0
4038	0
4039	0
4040	1
4041	0
4042	0
4043	0
4044	0
4045	0
4046	1
4047	0
4048	0
4049	0
4050	0
4051	0
4052	0
4053	0
4054	0
4055	0
4056	0
4057	0
4058	1
4059	0
4060	0
4061	0
4062	0
4063	0
4064	0
4065	0
4066	0
4067	0
4068	0
4069	0
4070	1
4071	0
4072	0
4073	0
4074	2
4075	0
4076	0
4077	0
4078	0
4079	1
4080	0
4081	0
4082	0
4083	0
4084	0
4085	0
4086	0
4087	0
4088	0
4089	0
4090	0
4091	0
4092	0
4093	0
4094	0
4095	0
4096	0
4097	0
4098	0
4099	0
4100	0
4101	0
4102	0
4103	0
4104	0
4105	0
4106	0
4107	0
4108	0
4109	0
4110	0
4111	0
4112	0
4113	0
4114	1
4115	0
4116	0
4117	0
4118	0
4119	0
4120	0
4121	0
4122	1
4123	0
4124	0
4125	1
4126	0
4127	0
4128	0
4129	0
4130	0
4131	1
4132	0
4133	0
4134	0
4135	0
4136	0
4137	0
4138	0
4139	0
4140	0
4141	0
4142	0
4143	0
4144	0
4145	0
4146	0
4147	0
4148	0
4149	0
4150	0
4151	0
4152	0
4153	0
4154	0
4155	1
4156	2
4157	0
4158	0
4159	0
4160	0
4161	0
4162	0
4163	0
4164	0
4165	0
4166	0
4167	0
4168	0
4169	0
4170	0
4171	0
4172	0
4173	0
4174	0
4175	0
4176	0
4177	0
4178	0
4179	1
4180	0
4181	0
4182	0
4183	0
4184	0
4185	0
4186	0
4187	0
4188	0
4189	0
4190	0
4191	0
4192	0
4193	1
4194	0
4195	0
4196	0
4197	0
4198	0
4199	0
4200	0
4201	0
4202	0
4203	0
4204	0
4205	0
4206	0
4207	0
4208	0
4209	0
4210	0
4211	0
4212	0
4213	0
4214	0
4215	0
4216	0
4217	0
4218	0
4219	0
4220	0
4221	0
4222	0
4223	1
4224	0
4225	0
4226	0
4227	0
4228	0
4229	0
4230	0
4231	0
4232	0
4233	0
4234	0
4235	0
4236	0
4237	0
4238	0
4239	0
4240	0
4241	0
4242	0
4243	1
4244	0
4245	0
4246	0
4247	1
4248	0
4249	0
4250	0
4251	0
4252	0
4253	0
4254	0
4255	0
4256	0
4257	0
4258	0
4259	0
4260	0
4261	0
4262	0
4263	0
4264	0
4265	0
4266	0
4267	1
4268	0
4269	0
4270	0
4271	0
4272	0
4273	0
4274	0
4275	0
4276	0
4277	0
4278	0
4279	0
4280	0
4281	1
4282	0
4283	0
4284	0
4285	0
4286	0
4287	0
4288	0
4289	0
4290	0
4291	0
4292	0
4293	0
4294	0
4295	0
4296	0
4297	0
4298	0
4299	0
4300	1
4301	0
4302	0
4303	0
4304	0
4305	0
4306	0
4307	0
4308	0
4309	0
4310	0
4311	0
4312	0
4313	0
4314	0
4315	0
4316	0
4317	1
4318	0
4319	0
4320	0
4321	0
4322	0
4323	0
4324	0
4325	0
4326	0
4327	0
4328	0
4329	0
4330	0
4331	0
4332	0
4333	0
4334	0
4335	0
4336	0
4337	0
4338	0
4339	0
4340	0
4341	0
4342	0
4343	0
4344	0
4345	0
4346	0
4347	0
4348	0
4349	0
4350	0
4351	0
4352	0
4353	0
4354	0
4355	0
4356	0
4357	0
4358	0
4359	0
4360	0
4361	0
4362	0
4363	0
4364	0
4365	0
4366	0
4367	0
4368	0
4369	0
4370	0
4371	0
4372	0
4373	0
4374	0
4375	0
4376	0
4377	0
4378	0
4379	0
4380	0
4381	0
4382	0
4383	0
4384	0
4385	0
4386	0
4387	0
4388	0
4389	0
4390	0
4391	0
4392	0
4393	0
4394	0
4395	0
4396	0
4397	0
4398	0
4399	0
4400	0
4401	0
4402	0
4403	0
4404	0
4405	0
4406	0
4407	0
4408	1
4409	0
4410	1
4411	0
4412	0
4413	0
4414	0
4415	0
4416	0
4417	0
4418	0
4419	0
4420	0
4421	0
4422	0
4423	0
4424	1
4425	0
4426	0
4427	0
4428	0
4429	0
4430	0
4431	0
4432	0
4433	0
4434	0
4435	0
4436	0
4437	0
4438	0
4439	0
4440	0
4441	0
4442	0
4443	0
4444	0
4445	0
4446	0
4447	0
4448	0
4449	0
4450	0
4451	0
4452	0
4453	0
4454	0
4455	0
4456	0
4457	0
4458	0
4459	0
4460	0
4461	0
4462	0
4463	0
4464	0
4465	0
4466	0
4467	0
4468	0
4469	0
4470	0
4471	0
4472	0
4473	0
4474	1
4475	0
4476	0
4477	0
4478	0
4479	1
4480	0
4481	0
4482	0
4483	0
4484	0
4485	0
4486	0
4487	0
4488	0
4489	0
4490	0
4491	0
4492	0
4493	0
4494	0
4495	0
4496	0
4497	0
4498	0
4499	0
4500	0
4501	0
4502	1
4503	1
4504	0
4505	0
4506	0
4507	0
4508	0
4509	0
4510	0
4511	0
4512	0
4513	0
4514	0
4515	0
4516	1
4517	0
4518	1
4519	0
4520	0
4521	0
4522	0
4523	0
4524	0
4525	0
4526	0
4527	0
4528	0
4529	0
4530	0
4531	0
4532	1
4533	1
4534	0
4535	0
4536	0
4537	0
4538	0
4539	0
4540	0
4541	0
4542	0
4543	0
4544	0
4545	0
4546	0
4547	0
4548	0
4549	0
4550	0
4551	0
4552	0
4553	0
4554	0
4555	0
4556	0
4557	0
4558	0
4559	0
4560	0
4561	0
4562	0
4563	0
4564	0
4565	0
4566	0
4567	0
4568	0
4569	0
4570	0
4571	0
4572	0
4573	0
4574	0
4575	0
4576	0
4577	0
4578	0
4579	0
4580	0
4581	0
4582	0
4583	0
4584	0
4585	0
4586	0
4587	0
4588	0
4589	0
4590	0
4591	0
4592	0
4593	0
4594	0
4595	1
4596	0
4597	0
4598	1
4599	0
4600	0
4601	0
4602	0
4603	0
4604	0
4605	0
4606	0
4607	0
4608	0
4609	0
4610	0
4611	0
4612	0
4613	0
4614	0
4615	0
4616	0
4617	0
4618	0
4619	0
4620	1
4621	0
4622	0
4623	0
4624	0
4625	0
4626	0
4627	0
4628	0
4629	0
4630	0
4631	0
4632	0
4633	0
4634	0
4635	0
4636	0
4637	0
4638	0
4639	0
4640	0
4641	0
4642	0
4643	0
4644	1
4645	0
4646	0
4647	0
4648	0
4649	0
4650	0
4651	0
4652	0
4653	0
4654	0
4655	1
4656	0
4657	0
4658	0
4659	0
4660	0
4661	0
4662	0
4663	0
4664	0
4665	0
4666	0
4667	0
4668	0
4669	0
4670	0
4671	0
4672	0
4673	0
4674	0
4675	0
4676	0
4677	0
4678	0
4679	0
4680	0
4681	0
4682	0
4683	0
4684	0
4685	1
4686	0
4687	0
4688	1
4689	0
4690	0
4691	0
4692	0
4693	0
4694	0
4695	0
4696	0
4697	0
4698	0
4699	0
4700	1
4701	0
4702	0
4703	0
4704	0
4705	0
4706	0
4707	0
4708	0
4709	0
4710	0
4711	0
4712	0
4713	0
4714	0
4715	0
4716	0
4717	0
4718	0
4719	0
4720	0
4721	0
4722	0
4723	0
4724	0
4725	1
4726	0
4727	0
4728	0
4729	0
4730	0
4731	0
4732	0
4733	0
4734	0
4735	0
4736	0
4737	0
4738	0
4739	1
4740	0
4741	0
4742	0
4743	0
4744	0
4745	0
4746	0
4747	0
4748	0
4749	0
4750	0
4751	0
4752	0
4753	0
4754	0
4755	0
4756	0
4757	0
4758	0
4759	0
4760	0
4761	0
4762	0
4763	0
4764	0
4765	0
4766	1
4767	0
4768	0
4769	0
4770	0
4771	0
4772	0
4773	0
4774	0
4775	0
4776	0
4777	0
4778	0
4779	0
4780	0
4781	0
4782	0
4783	0
4784	0
4785	0
4786	0
4787	0
4788	0
4789	0
4790	0
4791	0
4792	0
4793	0
4794	0
4795	0
4796	0
4797	0
4798	0
4799	0
4800	0
4801	0
4802	0
4803	0
4804	0
4805	0
4806	0
4807	0
4808	0
4809	0
4810	0
4811	0
4812	0
4813	0
4814	0
4815	0
4816	0
4817	0
4818	0
4819	0
4820	0
4821	0
4822	0
4823	0
4824	0
4825	0
4826	0
4827	0
4828	0
4829	0
4830	0
4831	0
4832	0
4833	0
4834	0
4835	0
4836	0
4837	0
4838	0
4839	0
4840	0
4841	1
4842	0
4843	0
4844	0
4845	0
4846	0
4847	0
4848	0
4849	0
4850	0
4851	0
4852	0
4853	0
4854	0
4855	0
4856	0
4857	0
4858	0
4859	0
4860	0
4861	0
4862	0
4863	0
4864	0
4865	0
4866	0
4867	0
4868	0
4869	0
4870	2
4871	0
4872	0
4873	0
4874	0
4875	0
4876	0
4877	0
4878	0
4879	0
4880	0
4881	0
4882	0
4883	0
4884	0
4885	0
4886	0
4887	0
4888	0
4889	0
4890	0
4891	0
4892	0
4893	0
4894	0
4895	0
4896	1
4897	0
4898	0
4899	0
4900	0
4901	0
4902	0
4903	0
4904	0
4905	0
4906	0
4907	0
4908	0
4909	0
4910	1
4911	0
4912	0
4913	0
4914	0
4915	0
4916	0
4917	0
4918	0
4919	0
4920	0
4921	0
4922	0
4923	0
4924	0
4925	0
4926	0
4927	0
4928	0
4929	0
4930	0
4931	0
4932	0
4933	0
4934	0
4935	0
4936	0
4937	0
4938	0
4939	0
4940	1
4941	0
4942	0
4943	0
4944	0
4945	0
4946	0
4947	0
4948	0
4949	0
4950	0
4951	0
4952	0
4953	1
4954	0
4955	0
4956	0
4957	0
4958	0
4959	0
4960	0
4961	0
4962	0
4963	0
4964	0
4965	0
4966	0
4967	0
4968	0
4969	0
4970	0
4971	0
4972	1
4973	0
4974	0
4975	0
4976	0
4977	0
4978	0
4979	0
4980	0
4981	0
4982	0
4983	0
4984	0
4985	0
4986	0
4987	0
4988	0
4989	0
4990	0
4991	0
4992	0
4993	0
4994	0
4995	0
4996	0
4997	0
4998	0
4999	0
5000	0
5001	0
5002	0
5003	0
5004	0
5005	1
5006	0
5007	0
5008	0
5009	0
5010	0
5011	0
5012	0
5013	0
5014	0
5015	0
5016	0
5017	0
5018	0
5019	0
5020	0
5021	0
5022	0
5023	0
5024	0
5025	0
5026	0
5027	0
5028	1
5029	0
5030	0
5031	0
5032	0
5033	0
5034	0
5035	0
5036	0
5037	0
5038	0
5039	0
5040	0
5041	0
5042	0
5043	0
5044	0
5045	0
5046	0
5047	0
5048	0
5049	0
5050	0
5051	0
5052	0
5053	0
5054	0
5055	0
5056	0
5057	0
5058	0
5059	0
5060	0
5061	0
5062	0
5063	0
5064	0
5065	0
5066	0
5067	0
5068	0
5069	0
5070	0
5071	0
5072	0
5073	0
5074	0
5075	0
5076	1
5077	0
5078	0
5079	0
5080	0
5081	0
5082	0
5083	1
5084	0
5085	0
5086	0
5087	0
5088	0
5089	0
5090	0
5091	0
5092	0
5093	0
5094	0
5095	0
5096	0
5097	0
5098	0
5099	0
5100	0
5101	0
5102	0
5103	0
5104	0
5105	1
5106	0
5107	0
5108	0
5109	0
5110	0
5111	0
5112	0
5113	0
5114	1
5115	0
5116	0
5117	0
5118	0
5119	0
5120	0
5121	0
5122	0
5123	0
5124	0
5125	0
5126	0
5127	0
5128	0
5129	0
5130	0
5131	0
5132	0
5133	0
5134	0
5135	0
5136	0
5137	0
5138	0
5139	0
5140	0
5141	0
5142	0
5143	0
5144	0
5145	0
5146	0
5147	0
5148	0
5149	0
5150	0
5151	0
5152	0
5153	0
5154	0
5155	0
5156	0
5157	1
5158	0
5159	0
5160	0
5161	0
5162	0
5163	0
5164	0
5165	0
5166	0
5167	0
5168	1
5169	0
5170	0
5171	0
5172	0
5173	0
5174	0
5175	0
5176	0
5177	0
5178	1
5179	0
5180	0
5181	0
5182	0
5183	0
5184	0
5185	0
5186	0
5187	0
5188	0
5189	0
5190	0
5191	0
5192	0
5193	0
5194	0
5195	1
5196	0
5197	0
5198	0
5199	0
5200	0
5201	0
5202	0
5203	0
5204	0
5205	0
5206	0
5207	0
5208	0
5209	0
5210	0
5211	0
5212	0
5213	0
5214	0
5215	0
5216	0
5217	0
5218	0
5219	0
5220	0
5221	1
5222	0
5223	0
5224	0
5225	0
5226	0
5227	0
5228	1
5229	0
5230	0
5231	0
5232	0
5233	0
5234	0
5235	0
5236	0
5237	1
5238	0
5239	0
5240	0
5241	0
5242	0
5243	0
5244	0
5245	0
5246	0
5247	0
5248	0
5249	0
5250	0
5251	0
5252	0
5253	0
5254	0
5255	1
5256	0
5257	0
5258	0
5259	0
5260	0
5261	0
5262	0
5263	0
5264	0
5265	0
5266	0
5267	0
5268	0
5269	0
5270	0
5271	0
5272	0
5273	0
5274	0
5275	0
5276	0
5277	0
5278	0
5279	0
5280	0
5281	0
5282	0
5283	0
5284	0
5285	0
5286	0
5287	0
5288	0
5289	0
5290	0
5291	0
5292	0
5293	0
5294	1
5295	0
5296	0
5297	0
5298	0
5299	0
5300	0
5301	0
5302	0
5303	0
5304	1
5305	0
5306	0
5307	0
5308	0
5309	0
5310	0
5311	0
5312	0
5313	0
5314	0
5315	0
5316	0
5317	0
5318	0
5319	0
5320	0
5321	0
5322	0
5323	0
5324	1
5325	0
5326	1
5327	0
5328	0
5329	0
5330	0
5331	0
5332	0
5333	0
5334	0
5335	0
5336	0
5337	0
5338	0
5339	0
5340	0
5341	0
5342	0
5343	0
5344	0
5345	0
5346	0
5347	0
5348	0
5349	0
5350	0
5351	0
5352	0
5353	0
5354	0
5355	1
5356	0
5357	0
5358	0
5359	0
5360	0
5361	0
5362	0
5363	1
5364	0
5365	0
5366	0
5367	0
5368	0
5369	0
5370	0
5371	0
5372	0
5373	0
5374	0
5375	0
5376	0
5377	0
5378	0
5379	0
5380	0
5381	0
5382	0
5383	0
5384	0
5385	0
5386	0
5387	0
5388	0
5389	0
5390	0
5391	0
5392	0
5393	0
5394	0
5395	0
5396	0
5397	0
5398	0
5399	0
5400	0
5401	0
5402	0
5403	0
5404	0
5405	0
5406	0
5407	0
5408	0
5409	0
5410	0
5411	1
5412	0
5413	0
5414	0
5415	0
5416	0
5417	0
5418	0
5419	0
5420	0
5421	0
5422	0
5423	0
5424	0
5425	0
5426	0
5427	0
5428	0
5429	0
5430	0
5431	0
5432	0
5433	0
5434	0
5435	0
5436	0
5437	0
5438	0
5439	0
5440	0
5441	0
5442	0
5443	0
5444	1
5445	0
5446	0
5447	0
5448	0
5449	0
5450	0
5451	0
5452	0
5453	0
5454	0
5455	0
5456	0
5457	0
5458	0
5459	0
5460	0
5461	0
5462	0
5463	0
5464	0
5465	0
5466	0
5467	0
5468	0
5469	0
5470	0
5471	0
5472	0
5473	0
5474	0
5475	0
5476	0
5477	0
5478	0
5479	0
5480	0
5481	0
5482	0
5483	0
5484	0
5485	0
5486	0
5487	0
5488	0
5489	0
5490	0
5491	0
5492	0
5493	0
5494	0
5495	0
5496	1
5497	0
5498	0
5499	1
5500	0
5501	0
5502	0
5503	0
5504	0
5505	1
5506	0
5507	0
5508	0
5509	0
5510	0
5511	0
5512	1
5513	0
5514	0
5515	0
5516	0
5517	0
5518	0
5519	0
5520	0
5521	1
5522	0
5523	0
5524	0
5525	1
5526	0
5527	0
5528	0
5529	0
5530	0
5531	0
5532	0
5533	0
5534	0
5535	0
5536	0
5537	0
5538	0
5539	0
5540	0
5541	0
5542	0
5543	0
5544	0
5545	0
5546	0
5547	0
5548	0
5549	0
5550	0
5551	0
5552	0
5553	0
5554	0
5555	0
5556	0
5557	0
5558	0
5559	0
5560	0
5561	0
5562	0
5563	0
5564	0
5565	0
5566	0
5567	0
5568	0
5569	0
5570	0
5571	0
5572	0
5573	0
5574	0
5575	0
5576	0
5577	0
5578	0
5579	0
5580	0
5581	0
5582	0
5583	0
5584	0
5585	1
5586	0
5587	0
5588	0
5589	0
5590	0
5591	0
5592	0
5593	0
5594	0
5595	0
5596	0
5597	0
5598	0
5599	0
5600	0
5601	0
5602	0
5603	0
5604	0
5605	0
5606	0
5607	0
5608	0
5609	0
5610	0
5611	1
5612	0
5613	0
5614	0
5615	0
5616	0
5617	0
5618	0
5619	0
5620	0
5621	0
5622	0
5623	0
5624	0
5625	0
5626	0
5627	0
5628	0
5629	0
5630	0
5631	0
5632	0
5633	0
5634	0
5635	0
5636	0
5637	0
5638	0
5639	0
5640	0
5641	0
5642	0
5643	0
5644	0
5645	0
5646	0
5647	0
5648	0
5649	0
5650	0
5651	0
5652	0
5653	0
5654	0
5655	0
5656	0
5657	0
5658	0
5659	0
5660	0
5661	0
5662	0
5663	0
5664	0
5665	0
5666	0
5667	0
5668	0
5669	0
5670	1
5671	0
5672	0
5673	1
5674	0
5675	0
5676	0
5677	0
5678	0
5679	0
5680	1
5681	0
5682	0
5683	0
5684	0
5685	0
5686	0
5687	0
5688	0
5689	0
5690	0
5691	0
5692	0
5693	0
5694	0
5695	0
5696	0
5697	0
5698	0
5699	0
5700	0
5701	0
5702	0
5703	0
5704	0
5705	0
5706	0
5707	0
5708	0
5709	0
5710	0
5711	0
5712	0
5713	0
5714	0
5715	0
5716	0
5717	0
5718	0
5719	0
5720	0
5721	0
5722	0
5723	0
5724	0
5725	0
5726	0
5727	0
5728	0
5729	0
5730	0
5731	0
5732	0
5733	0
5734	0
5735	0
5736	0
5737	0
5738	0
5739	0
5740	0
5741	1
5742	0
5743	0
5744	0
5745	0
5746	0
5747	1
5748	0
5749	0
5750	0
5751	0
5752	0
5753	0
5754	0
5755	0
5756	0
5757	0
5758	0
5759	0
5760	0
5761	0
5762	0
5763	0
5764	0
5765	0
5766	0
5767	0
5768	0
5769	0
5770	0
5771	0
5772	0
5773	0
5774	0
5775	0
5776	0
5777	0
5778	0
5779	0
5780	0
5781	0
5782	0
5783	0
5784	0
5785	0
5786	0
5787	0
5788	0
5789	0
5790	0
5791	0
5792	0
5793	0
5794	0
5795	0
5796	0
5797	0
5798	0
5799	0
5800	0
5801	0
5802	0
5803	0
5804	0
5805	0
5806	0
5807	0
5808	0
5809	0
5810	0
5811	0
5812	0
5813	0
5814	0
5815	0
5816	0
5817	0
5818	0
5819	0
5820	0
5821	0
5822	0
5823	0
5824	0
5825	0
5826	0
5827	0
5828	0
5829	0
5830	1
5831	0
5832	0
5833	0
5834	0
5835	0
5836	0
5837	0
5838	0
5839	0
5840	1
5841	0
5842	0
5843	0
5844	0
5845	0
5846	0
5847	0
5848	0
5849	0
5850	0
5851	0
5852	1
5853	0
5854	0
5855	0
5856	0
5857	0
5858	0
5859	0
5860	0
5861	0
5862	0
5863	0
5864	0
5865	0
5866	0
5867	0
5868	0
5869	0
5870	0
5871	0
5872	1
5873	0
5874	0
5875	0
5876	0
5877	0
5878	0
5879	0
5880	0
5881	0
5882	0
5883	0
5884	0
5885	0
5886	0
5887	0
5888	0
5889	0
5890	0
5891	0
5892	0
5893	0
5894	0
5895	0
5896	1
5897	0
5898	0
5899	0
5900	0
5901	0
5902	0
5903	0
5904	0
5905	0
5906	0
5907	0
5908	0
5909	1
5910	0
5911	0
5912	0
5913	0
5914	0
5915	0
5916	0
5917	1
5918	0
5919	0
5920	0
5921	0
5922	0
5923	0
5924	0
5925	0
5926	0
5927	0
5928	0
5929	0
5930	0
5931	0
5932	0
5933	0
5934	0
5935	0
5936	0
5937	0
5938	0
5939	0
5940	0
5941	1
5942	0
5943	1
5944	0
5945	0
5946	0
5947	0
5948	0
5949	0
5950	0
5951	0
5952	0
5953	0
5954	0
5955	0
5956	0
5957	0
5958	0
5959	0
5960	0
5961	0
5962	0
5963	0
5964	0
5965	0
5966	0
5967	0
5968	0
5969	0
5970	1
5971	0
5972	0
5973	0
5974	0
5975	0
5976	0
5977	0
5978	0
5979	0
5980	0
5981	0
5982	0
5983	0
5984	0
5985	0
5986	0
5987	0
5988	0
5989	0
5990	0
5991	0
5992	0
5993	0
5994	0
5995	0
5996	0
5997	0
5998	0
5999	0
6000	0
6001	0
6002	0
6003	0
6004	1
6005	0
6006	0
6007	0
6008	0
6009	0
6010	0
6011	0
6012	0
6013	0
6014	0
6015	0
6016	0
6017	0
6018	0
6019	0
6020	0
6021	0
6022	0
6023	0
6024	0
6025	0
6026	0
6027	0
6028	0
6029	0
6030	0
6031	0
6032	0
6033	0
6034	0
6035	0
6036	0
6037	0
6038	0
6039	0
6040	0
6041	0
6042	0
6043	0
6044	0
6045	1
6046	0
6047	0
6048	0
6049	0
6050	1
6051	0
6052	0
6053	0
6054	0
6055	0
6056	0
6057	0
6058	0
6059	0
6060	0
6061	0
6062	0
6063	0
6064	0
6065	0
6066	0
6067	0
6068	1
6069	0
6070	0
6071	0
6072	0
6073	0
6074	0
6075	0
6076	0
6077	0
6078	0
6079	0
6080	0
6081	0
6082	0
6083	0
6084	0
6085	0
6086	0
6087	0
6088	0
6089	0
6090	0
6091	0
6092	0
6093	0
6094	0
6095	1
6096	0
6097	0
6098	0
6099	0
6100	0
6101	0
6102	0
6103	1
6104	0
6105	1
6106	0
6107	0
6108	0
6109	0
6110	0
6111	0
6112	0
6113	0
6114	0
6115	0
6116	0
6117	0
6118	0
6119	0
6120	1
6121	0
6122	0
6123	0
6124	0
6125	0
6126	0
6127	0
6128	0
6129	0
6130	0
6131	0
6132	0
6133	0
6134	0
6135	0
6136	0
6137	0
6138	0
6139	0
6140	0
6141	0
6142	0
6143	0
6144	0
6145	0
6146	0
6147	0
6148	0
6149	0
6150	0
6151	0
6152	0
6153	0
6154	0
6155	0
6156	0
6157	0
6158	0
6159	0
6160	0
6161	1
6162	0
6163	0
6164	0
6165	1
6166	0
6167	0
6168	0
6169	0
6170	0
6171	0
6172	0
6173	0
6174	0
6175	0
6176	0
6177	0
6178	0
6179	0
6180	0
6181	0
6182	0
6183	0
6184	0
6185	0
6186	0
6187	1
6188	0
6189	0
6190	0
6191	0
6192	0
6193	0
6194	0
6195	0
6196	0
6197	0
6198	0
6199	0
6200	0
6201	0
6202	0
6203	0
6204	0
6205	0
6206	0
6207	0
6208	0
6209	0
6210	0
6211	0
6212	0
6213	0
6214	0
6215	0
6216	0
6217	0
6218	0
6219	0
6220	0
6221	0
6222	0
6223	0
6224	0
6225	0
6226	0
6227	0
6228	0
6229	0
6230	0
6231	0
6232	0
6233	0
6234	0
6235	0
6236	0
6237	0
6238	0
6239	0
6240	0
6241	0
6242	0
6243	0
6244	0
6245	0
6246	0
6247	0
6248	0
6249	0
6250	0
6251	0
6252	0
6253	0
6254	0
6255	0
6256	0
6257	0
6258	0
6259	0
6260	0
6261	0
6262	0
6263	0
6264	0
6265	0
6266	0
6267	0
6268	0
6269	0
6270	0
6271	0
6272	0
6273	0
6274	0
6275	0
6276	0
6277	0
6278	0
6279	0
6280	0
6281	0
6282	0
6283	0
6284	0
6285	0
6286	0
6287	0
6288	0
6289	0
6290	0
6291	1
6292	0
6293	0
6294	0
6295	0
6296	0
6297	0
6298	0
6299	0
6300	0
6301	0
6302	0
6303	0
6304	1
6305	0
6306	0
6307	0
6308	0
6309	0
6310	0
6311	0
6312	0
6313	0
6314	0
6315	0
6316	0
6317	0
6318	0
6319	0
6320	1
6321	0
6322	0
6323	0
6324	0
6325	0
6326	1
6327	0
6328	0
6329	0
6330	0
6331	0
6332	0
6333	0
6334	0
6335	0
6336	0
6337	0
6338	0
6339	0
6340	0
6341	0
6342	0
6343	0
6344	0
6345	0
6346	0
6347	0
6348	0
6349	0
6350	0
6351	0
6352	0
6353	0
6354	0
6355	0
6356	0
6357	0
6358	0
6359	0
6360	0
6361	0
6362	0
6363	0
6364	0
6365	0
6366	0
6367	0
6368	0
6369	0
6370	0
6371	0
6372	0
6373	0
6374	0
6375	0
6376	0
6377	0
6378	0
6379	0
6380	0
6381	0
6382	0
6383	0
6384	0
6385	0
6386	0
6387	0
6388	0
6389	0
6390	0
6391	0
6392	0
6393	0
6394	0
6395	0
6396	0
6397	0
6398	0
6399	0
6400	0
6401	0
6402	0
6403	0
6404	0
6405	0
6406	1
6407	0
6408	0
6409	0
6410	0
6411	0
6412	0
6413	0
6414	1
6415	0
6416	0
6417	0
6418	0
6419	0
6420	0
6421	0
6422	0
6423	0
6424	0
6425	0
6426	1
6427	0
6428	0
6429	0
6430	0
6431	0
6432	0
6433	0
6434	0
6435	0
6436	0
6437	0
6438	0
6439	0
6440	0
6441	0
6442	0
6443	0
6444	0
6445	0
6446	0
6447	0
6448	0
6449	0
6450	0
6451	0
6452	0
6453	0
6454	0
6455	0
6456	0
6457	0
6458	0
6459	0
6460	0
6461	0
6462	0
6463	0
6464	0
6465	0
6466	0
6467	1
6468	0
6469	0
6470	0
6471	0
6472	0
6473	1
6474	0
6475	0
6476	0
6477	0
6478	0
6479	0
6480	0
6481	0
6482	0
6483	0
6484	0
6485	0
6486	0
6487	0
6488	0
6489	0
6490	0
6491	0
6492	0
6493	0
6494	0
6495	0
6496	0
6497	0
6498	0
6499	0
6500	0
6501	0
6502	0
6503	0
6504	0
6505	0
6506	0
6507	0
6508	0
6509	0
6510	0
6511	0
6512	0
6513	0
6514	0
6515	0
6516	0
6517	0
6518	0
6519	0
6520	0
6521	0
6522	0
6523	0
6524	0
6525	0
6526	0
6527	0
6528	0
6529	0
6530	0
6531	0
6532	0
6533	0
6534	0
6535	0
6536	0
6537	0
6538	0
6539	0
6540	0
6541	0
6542	0
6543	0
6544	0
6545	0
6546	0
6547	0
6548	0
6549	0
6550	0
6551	0
6552	0
6553	0
6554	0
6555	0
6556	0
6557	0
6558	0
6559	0
6560	0
6561	0
6562	0
6563	0
6564	0
6565	0
6566	0
6567	0
6568	0
6569	0
6570	0
6571	0
6572	0
6573	0
6574	0
6575	0
6576	0
6577	0
6578	0
6579	0
6580	0
6581	0
6582	0
6583	0
6584	0
6585	0
6586	0
6587	0
6588	0
6589	0
6590	0
6591	1
6592	0
6593	0
6594	2
6595	0
6596	0
6597	1
6598	0
6599	0
6600	0
6601	0
6602	0
6603	0
6604	0
6605	0
6606	0
6607	0
6608	1
6609	0
6610	0
6611	1
6612	0
6613	0
6614	0
6615	0
6616	0
6617	0
6618	0
6619	0
6620	1
6621	0
6622	0
6623	0
6624	0
6625	0
6626	0
6627	0
6628	0
6629	0
6630	0
6631	0
6632	0
6633	0
6634	0
6635	0
6636	0
6637	0
6638	0
6639	0
6640	0
6641	0
6642	0
6643	0
6644	0
6645	0
6646	0
6647	0
6648	0
6649	0
6650	0
6651	0
6652	0
6653	0
6654	0
6655	0
6656	0
6657	0
6658	0
6659	0
6660	0
6661	0
6662	0
6663	1
6664	0
6665	0
6666	0
6667	0
6668	0
6669	0
6670	0
6671	0
6672	0
6673	0
6674	0
6675	0
6676	0
6677	0
6678	0
6679	0
6680	0
6681	0
6682	2
6683	0
6684	0
6685	0
6686	0
6687	0
6688	0
6689	0
6690	0
6691	0
6692	0
6693	0
6694	0
6695	0
6696	0
6697	0
6698	0
6699	0
6700	0
6701	0
6702	0
6703	0
6704	0
6705	1
6706	0
6707	0
6708	0
6709	0
6710	0
6711	0
6712	0
6713	0
6714	0
6715	0
6716	0
6717	0
6718	0
6719	0
6720	0
6721	0
6722	0
6723	0
6724	0
6725	0
6726	0
6727	0
6728	0
6729	0
6730	0
6731	0
6732	0
6733	0
6734	0
6735	0
6736	0
6737	0
6738	0
6739	0
6740	0
6741	0
6742	0
6743	0
6744	0
6745	0
6746	0
6747	0
6748	0
6749	0
6750	0
6751	0
6752	0
6753	0
6754	0
6755	0
6756	0
6757	0
6758	0
6759	0
6760	0
6761	0
6762	0
6763	0
6764	0
6765	0
6766	0
6767	0
6768	0
6769	0
6770	0
6771	0
6772	0
6773	0
6774	0
6775	0
6776	0
6777	0
6778	0
6779	0
6780	0
6781	0
6782	0
6783	0
6784	0
6785	0
6786	0
6787	0
6788	0
6789	0
6790	0
6791	0
6792	0
6793	0
6794	0
6795	0
6796	0
6797	0
6798	0
6799	0
6800	0
6801	0
6802	0
6803	0
6804	0
6805	0
6806	0
6807	0
6808	0
6809	0
6810	0
6811	0
6812	0
6813	0
6814	0
6815	0
6816	0
6817	0
6818	0
6819	0
6820	0
6821	0
6822	0
6823	0
6824	0
6825	0
6826	0
6827	0
6828	0
6829	0
6830	0
6831	0
6832	0
6833	0
6834	0
6835	0
6836	1
6837	0
6838	0
6839	0
6840	0
6841	0
6842	0
6843	0
6844	0
6845	1
6846	0
6847	0
6848	0
6849	0
6850	0
6851	0
6852	0
6853	0
6854	0
6855	0
6856	0
6857	0
6858	0
6859	0
6860	0
6861	0
6862	0
6863	0
6864	0
6865	0
6866	0
6867	0
6868	0
6869	0
6870	0
6871	0
6872	0
6873	0
6874	0
6875	0
6876	0
6877	0
6878	0
6879	0
6880	0
6881	0
6882	0
6883	0
6884	0
6885	0
6886	0
6887	0
6888	0
6889	0
6890	0
6891	0
6892	0
6893	0
6894	0
6895	0
6896	0
6897	0
6898	0
6899	0
6900	0
6901	0
6902	0
6903	0
6904	0
6905	0
6906	0
6907	1
6908	0
6909	0
6910	0
6911	0
6912	0
6913	0
6914	0
6915	0
6916	0
6917	0
6918	0
6919	0
6920	0
6921	0
6922	0
6923	0
6924	0
6925	0
6926	0
6927	0
6928	0
6929	0
6930	0
6931	0
6932	0
6933	0
6934	0
6935	0
6936	0
6937	0
6938	0
6939	0
6940	0
6941	0
6942	0
6943	0
6944	0
6945	0
6946	0
6947	0
6948	0
6949	0
6950	0
6951	0
6952	0
6953	0
6954	0
6955	0
6956	0
6957	0
6958	0
6959	0
6960	0
6961	0
6962	0
6963	0
6964	0
6965	0
6966	0
6967	0
6968	0
6969	0
6970	0
6971	0
6972	0
6973	0
6974	0
6975	0
6976	0
6977	0
6978	0
6979	0
6980	0
6981	0
6982	0
6983	0
6984	0
6985	0
6986	0
6987	0
6988	0
6989	0
6990	0
6991	0
6992	0
6993	0
6994	0
6995	0
6996	0
6997	0
6998	0
6999	1
7000	0
7001	0
7002	0
7003	0
7004	0
7005	0
7006	0
7007	0
7008	0
7009	0
7010	0
7011	0
7012	0
7013	0
7014	0
7015	0
7016	0
7017	1
7018	0
7019	0
7020	0
7021	0
7022	0
7023	0
7024	0
7025	0
7026	0
7027	1
7028	0
7029	0
7030	0
7031	0
7032	0
7033	0
7034	0
7035	0
7036	0
7037	0
7038	0
7039	0
7040	0
7041	0
7042	0
7043	0
7044	0
7045	0
7046	0
7047	0
7048	0
7049	0
7050	0
7051	0
7052	0
7053	0
7054	0
7055	0
7056	0
7057	0
7058	0
7059	0
7060	0
7061	0
7062	0
7063	0
7064	0
7065	0
7066	0
7067	0
7068	0
7069	0
7070	0
7071	0
7072	0
7073	0
7074	0
7075	0
7076	0
7077	0
7078	0
7079	0
7080	0
7081	0
7082	0
7083	0
7084	0
7085	0
7086	0
7087	0
7088	0
7089	0
7090	0
7091	0
7092	0
7093	0
7094	0
7095	0
7096	0
7097	0
7098	0
7099	0
7100	0
7101	0
7102	0
7103	0
7104	0
7105	0
7106	0
7107	0
7108	0
7109	0
7110	0
7111	0
7112	0
7113	0
7114	0
7115	0
7116	0
7117	0
7118	0
7119	0
7120	0
7121	0
7122	1
7123	0
7124	0
7125	0
7126	0
7127	0
7128	0
7129	0
7130	0
7131	0
7132	0
7133	0
7134	0
7135	0
7136	0
7137	0
7138	0
7139	0
7140	0
7141	0
7142	0
7143	0
7144	0
7145	0
7146	0
7147	0
7148	0
7149	0
7150	0
7151	0
7152	0
7153	0
7154	0
7155	0
7156	0
7157	0
7158	0
7159	0
7160	0
7161	0
7162	0
7163	0
7164	0
7165	0
7166	0
7167	0
7168	0
7169	0
7170	0
7171	0
7172	0
7173	0
7174	0
7175	0
7176	0
7177	0
7178	0
7179	0
7180	0
7181	0
7182	0
7183	0
7184	0
7185	0
7186	0
7187	0
7188	0
7189	0
7190	0
7191	0
7192	0
7193	1
7194	0
7195	0
7196	0
7197	0
7198	0
7199	0
7200	0
7201	0
7202	0
7203	0
7204	0
7205	0
7206	1
7207	0
7208	0
7209	0
7210	0
7211	0
7212	0
7213	0
7214	0
7215	0
7216	0
7217	0
7218	0
7219	0
7220	0
7221	0
7222	0
7223	0
7224	0
7225	0
7226	0
7227	0
7228	0
7229	0
7230	0
7231	0
7232	0
7233	0
7234	0
7235	0
7236	0
7237	0
7238	0
7239	0
7240	0
7241	0
7242	0
7243	0
7244	0
7245	0
7246	0
7247	0
7248	0
7249	0
7250	0
7251	0
7252	0
7253	0
7254	0
7255	0
7256	0
7257	0
7258	0
7259	0
7260	0
7261	0
7262	0
7263	0
7264	0
7265	0
7266	0
7267	0
7268	0
7269	0
7270	0
7271	0
7272	0
7273	0
7274	0
7275	0
7276	0
7277	0
7278	0
7279	0
7280	0
7281	0
7282	0
7283	0
7284	0
7285	0
7286	0
7287	0
7288	0
7289	0
7290	0
7291	0
7292	0
7293	0
7294	0
7295	0
7296	0
7297	0
7298	0
7299	0
7300	0
7301	0
7302	0
7303	0
7304	0
7305	1
7306	0
7307	0
7308	0
7309	0
7310	0
7311	0
7312	0
7313	1
7314	0
7315	0
7316	0
7317	0
7318	1
7319	0
7320	0
7321	0
7322	0
7323	0
7324	0
7325	0
7326	0
7327	0
7328	0
7329	0
7330	0
7331	0
7332	0
7333	0
7334	0
7335	0
7336	1
7337	0
7338	0
7339	0
7340	0
7341	0
7342	0
7343	0
7344	0
7345	0
7346	0
7347	0
7348	0
7349	0
7350	0
7351	0
7352	0
7353	0
7354	0
7355	0
7356	0
7357	0
7358	0
7359	0
7360	0
7361	0
7362	0
7363	0
7364	0
7365	1
7366	0
7367	0
7368	0
7369	0
7370	0
7371	0
7372	0
7373	0
7374	0
7375	0
7376	0
7377	0
7378	0
7379	0
7380	0
7381	0
7382	0
7383	0
7384	0
7385	0
7386	0
7387	0
7388	0
7389	0
7390	0
7391	0
7392	0
7393	0
7394	0
7395	0
7396	1
7397	0
7398	0
7399	0
7400	0
7401	0
7402	0
7403	0
7404	0
7405	0
7406	0
7407	0
7408	0
7409	0
7410	0
7411	0
7412	0
7413	0
7414	0
7415	0
7416	0
7417	0
7418	1
7419	0
7420	0
7421	0
7422	0
7423	0
7424	0
7425	0
7426	0
7427	0
7428	0
7429	0
7430	0
7431	0
7432	0
7433	0
7434	0
7435	0
7436	0
7437	0
7438	0
7439	0
7440	0
7441	0
7442	0
7443	0
7444	0
7445	1
7446	0
7447	0
7448	0
7449	0
7450	0
7451	0
7452	0
7453	0
7454	0
7455	0
7456	0
7457	0
7458	0
7459	0
7460	0
7461	0
7462	0
7463	0
7464	0
7465	0
7466	0
7467	0
7468	0
7469	0
7470	0
7471	0
7472	0
7473	0
7474	0
7475	1
7476	1
7477	0
7478	0
7479	0
7480	0
7481	0
7482	0
7483	0
7484	0
7485	0
7486	0
7487	0
7488	0
7489	0
7490	0
7491	0
7492	0
7493	0
7494	0
7495	0
7496	1
7497	0
7498	0
7499	0
7500	0
7501	0
7502	0
7503	0
7504	0
7505	0
7506	0
7507	0
7508	0
7509	0
7510	0
7511	0
7512	0
7513	0
7514	0
7515	0
7516	0
7517	0
7518	0
7519	0
7520	0
7521	0
7522	0
7523	0
7524	0
7525	0
7526	0
7527	0
7528	0
7529	0
7530	0
7531	0
7532	0
7533	0
7534	1
7535	0
7536	0
7537	0
7538	0
7539	0
7540	0
7541	0
7542	0
7543	0
7544	0
7545	0
7546	0
7547	0
7548	0
7549	0
7550	0
7551	0
7552	0
7553	0
7554	0
7555	0
7556	0
7557	0
7558	0
7559	0
7560	0
7561	0
7562	0
7563	0
7564	0
7565	0
7566	1
7567	0
7568	0
7569	1
7570	0
7571	0
7572	0
7573	0
7574	0
7575	0
7576	0
7577	0
7578	0
7579	0
7580	0
7581	0
7582	0
7583	0
7584	0
7585	0
7586	0
7587	0
7588	0
7589	0
7590	0
7591	0
7592	0
7593	0
7594	0
7595	0
7596	0
7597	0
7598	0
7599	0
7600	0
7601	0
7602	0
7603	0
7604	0
7605	0
7606	0
7607	0
7608	0
7609	0
7610	0
7611	0
7612	0
7613	1
7614	0
7615	0
7616	0
7617	0
7618	0
7619	0
7620	0
7621	0
7622	0
7623	0
7624	0
7625	0
7626	0
7627	0
7628	0
7629	0
7630	1
7631	0
7632	0
7633	0
7634	0
7635	0
7636	0
7637	0
7638	0
7639	0
7640	0
7641	0
7642	0
7643	0
7644	0
7645	0
7646	0
7647	0
7648	1
7649	0
7650	1
7651	0
7652	0
7653	0
7654	0
7655	0
7656	0
7657	0
7658	0
7659	0
7660	0
7661	0
7662	0
7663	0
7664	0
7665	0
7666	0
7667	0
7668	0
7669	0
7670	1
7671	0
7672	0
7673	0
7674	0
7675	0
7676	0
7677	0
7678	0
7679	0
7680	0
7681	0
7682	0
7683	0
7684	0
7685	0
7686	0
7687	0
7688	0
7689	0
7690	0
7691	0
7692	0
7693	0
7694	0
7695	0
7696	0
7697	0
7698	0
7699	0
7700	0
7701	0
7702	0
7703	0
7704	0
7705	0
7706	0
7707	0
7708	0
7709	0
7710	0
7711	0
7712	0
7713	0
7714	0
7715	1
7716	0
7717	0
7718	0
7719	1
7720	0
7721	0
7722	0
7723	0
7724	0
7725	0
7726	0
7727	0
7728	0
7729	0
7730	0
7731	0
7732	0
7733	0
7734	0
7735	0
7736	0
7737	0
7738	1
7739	0
7740	0
7741	0
7742	0
7743	0
7744	0
7745	0
7746	0
7747	0
7748	0
7749	0
7750	0
7751	0
7752	0
7753	0
7754	0
7755	0
7756	0
7757	0
7758	0
7759	0
7760	0
7761	0
7762	0
7763	0
7764	0
7765	0
7766	0
7767	0
7768	0
7769	0
7770	0
7771	0
7772	0
7773	0
7774	0
7775	0
7776	0
7777	0
7778	0
7779	0
7780	0
7781	0
7782	0
7783	1
7784	0
7785	0
7786	0
7787	0
7788	0
7789	0
7790	0
7791	0
7792	0
7793	0
7794	0
7795	0
7796	0
7797	0
7798	0
7799	0
7800	0
7801	0
7802	0
7803	0
7804	0
7805	0
7806	0
7807	0
7808	0
7809	0
7810	0
7811	0
7812	0
7813	0
7814	0
7815	0
7816	0
7817	0
7818	0
7819	0
7820	0
7821	0
7822	0
7823	0
7824	0
7825	0
7826	0
7827	0
7828	0
7829	0
7830	0
7831	0
7832	0
7833	0
7834	0
7835	0
7836	0
7837	0
7838	0
7839	0
7840	0
7841	0
7842	0
7843	0
7844	0
7845	0
7846	0
7847	0
7848	0
7849	0
7850	0
7851	0
7852	0
7853	0
7854	0
7855	0
7856	0
7857	0
7858	0
7859	0
7860	0
7861	0
7862	0
7863	0
7864	0
7865	0
7866	0
7867	0
7868	0
7869	0
7870	0
7871	0
7872	0
7873	0
7874	0
7875	0
7876	0
7877	0
7878	0
7879	1
7880	0
7881	0
7882	0
7883	0
7884	1
7885	0
7886	0
7887	0
7888	0
7889	0
7890	1
7891	0
7892	0
7893	0
7894	0
7895	0
7896	0
7897	0
7898	0
7899	0
7900	0
7901	0
7902	0
7903	0
7904	0
7905	0
7906	0
7907	0
7908	0
7909	0
7910	0
7911	0
7912	0
7913	0
7914	0
7915	0
7916	0
7917	0
7918	0
7919	0
7920	0
7921	0
7922	0
7923	0
7924	0
7925	0
7926	0
7927	0
7928	1
7929	0
7930	0
7931	0
7932	0
7933	0
7934	0
7935	0
7936	0
7937	0
7938	0
7939	0
7940	0
7941	0
7942	0
7943	0
7944	0
7945	0
7946	1
7947	0
7948	0
7949	0
7950	0
7951	0
7952	0
7953	0
7954	0
7955	0
7956	0
7957	0
7958	0
7959	0
7960	0
7961	0
7962	0
7963	0
7964	0
7965	0
7966	0
7967	0
7968	0
7969	0
7970	0
7971	0
7972	0
7973	0
7974	0
7975	0
7976	1
7977	0
7978	0
7979	0
7980	1
7981	0
7982	0
7983	0
7984	0
7985	0
7986	0
7987	0
7988	0
7989	0
7990	0
7991	0
7992	0
7993	0
7994	0
7995	0
7996	0
7997	0
7998	0
7999	0
8000	0
8001	0
8002	0
8003	0
8004	0
8005	0
8006	0
8007	0
8008	0
8009	0
8010	0
8011	0
8012	0
8013	0
8014	0
8015	0
8016	0
8017	0
8018	0
8019	0
8020	0
8021	0
8022	0
8023	0
8024	0
8025	1
8026	0
8027	0
8028	0
8029	0
8030	0
8031	0
8032	0
8033	0
8034	0
8035	0
8036	0
8037	0
8038	0
8039	0
8040	0
8041	0
8042	0
8043	0
8044	0
8045	0
8046	0
8047	0
8048	0
8049	0
8050	0
8051	0
8052	0
8053	0
8054	0
8055	0
8056	0
8057	0
8058	0
8059	0
8060	0
8061	0
8062	0
8063	0
8064	0
8065	0
8066	0
8067	0
8068	0
8069	0
8070	0
8071	0
8072	0
8073	0
8074	0
8075	0
8076	0
8077	0
8078	0
8079	0
8080	1
8081	0
8082	0
8083	0
8084	0
8085	0
8086	0
8087	0
8088	0
8089	0
8090	0
8091	0
8092	0
8093	0
8094	0
8095	0
8096	0
8097	0
8098	0
8099	0
8100	0
8101	0
8102	0
8103	0
8104	0
8105	0
8106	0
8107	0
8108	0
8109	0
8110	0
8111	0
8112	0
8113	0
8114	0
8115	0
8116	0
8117	0
8118	0
8119	0
8120	0
8121	0
8122	0
8123	0
8124	0
8125	0
8126	0
8127	0
8128	0
8129	0
8130	0
8131	0
8132	0
8133	0
8134	0
8135	0
8136	0
8137	0
8138	0
8139	0
8140	0
8141	0
8142	0
8143	0
8144	0
8145	0
8146	0
8147	0
8148	0
8149	0
8150	0
8151	0
8152	0
8153	0
8154	0
8155	0
8156	1
8157	0
8158	0
8159	0
8160	0
8161	0
8162	0
8163	0
8164	0
8165	0
8166	0
8167	0
8168	0
8169	0
8170	0
8171	0
8172	0
8173	0
8174	0
8175	0
8176	0
8177	0
8178	0
8179	0
8180	0
8181	0
8182	0
8183	0
8184	0
8185	0
8186	0
8187	0
8188	0
8189	0
8190	0
8191	0
8192	0
